0
2670176.5
1335087.5
890057.4375
667542.125
534032.75
445026.3438
381450.125
333767.9375
296681.5625
267012.4375
242737.5781
222508.4688
205391.4062
190719.625
178003.875
166877.6719
157060.3281
148333.7344
140525.6875
133498.375
127140.2656
121360.1562
116082.5938
111244.7969
106793.9922
102685.4922
98881.28125
95348.79688
92059.86719
88990.1875
86118.5
83426.26562
80897.17188
78516.82812
76272.42969
74152.71875
72147.5625
70247.90625
68445.64844
66733.46875
65104.79688
63553.64062
62074.61719
60662.79688
59313.69922
58023.23047
56787.67969
55603.54688
54467.73828
53377.35938
52329.70312
51322.32031
50352.94141
49419.44141
48519.86719
47652.40234
46815.35938
46007.15625
45226.33594
44471.52734
43741.44531
43034.88672
42350.78125
41687.99609
41045.61719
40422.67188
39818.30078
39231.69531
38662.07812
38108.72656
37570.9375
37048.08594
36539.53125
36044.71875
35563.07812
35094.10156
34637.29688
34192.19531
33758.32031
33335.3125
32922.72266
32520.1875
32127.33789
31743.82617
31369.32422
31003.52734
30646.11719
30296.82812
29955.375
29621.49023
29294.93359
28975.47266
28662.86133
28356.89844
28057.36328
27764.05859
27476.78711
27195.37695
26919.62109
26649.38672
26384.48828
26124.77539
25870.09375
25620.29688
25375.25391
25134.82031
24898.87109
24667.2832
24439.9375
24216.71094
23997.50391
23782.19141
23570.67969
23362.88672
23158.68164
22957.99609
22760.73047
22566.79883
22376.11328
22188.60938
22004.18359
21822.7793
21644.31836
21468.7168
21295.93359
21125.85156
20958.44922
20793.69336
20631.44531
20471.71289
20314.39648
20159.44922
20006.83203
19856.48438
19708.35156
19562.39062
19418.55469
19276.79688
19137.06836
18999.33008
18863.53516
18729.6582
18597.62305
18467.43359
18339.03125
18212.375
18087.43555
17964.17969
17842.56445
17722.57031
17604.1543
17487.29297
17371.95312
17258.09961
17145.70898
17034.75781
16925.20703
16817.04297
16710.23047
16604.74414
16500.5625
16397.66797
16296.01465
16195.60352
16096.4043
15998.39062
15901.54492
15805.84766
15711.27734
15617.80859
15525.42969
15434.11816
15343.86035
15254.62891
15166.41797
15079.19238
14992.95117
14907.67676
14823.34766
14739.94727
14657.46191
14575.88086
14495.18457
14415.35938
14336.39062
14258.26562
14180.97266
14104.49414
14028.82715
13953.93555
13879.82129
13806.49512
13733.90137
13662.07031
13590.95996
13520.57422
13450.89258
13381.91016
13313.61426
13245.99805
13179.05078
13112.75879
13047.11426
12982.11328
12917.73438
12853.98438
12790.83105
12728.29297
12666.3457
12604.98145
12544.19531
12483.97363
12424.31445
12365.20996
12306.64551
12248.62793
12191.13281
12134.16113
12077.70312
12021.75488
11966.31055
11911.35742
11856.89648
11802.91309
11749.4082
11696.36914
11643.79297
11591.67578
11540.00977
11488.78613
11438.00195
11387.64941
11337.72656
11288.22363
11239.14062
11190.4668
11142.20117
11094.33398
11046.86914
10999.78613
10953.0918
10906.78906
10860.85547
10815.29004
10770.09082
10725.25781
10680.78613
10636.67285
10592.90234
10549.47656
10506.3877
10463.65723
10421.23633
10379.13086
10337.44336
10295.99121
10254.89648
10214.07715
10173.59766
10133.40234
10093.5293
10053.96289
10014.67969
9975.703125
9937.001953
9898.597656
9860.466797
9822.626953
9785.058594
9747.769531
9710.740234
9673.992188
9637.507812
9601.28125
9565.314453
9529.606445
9494.150391
9458.949219
9423.992188
9389.285156
9354.819336
9320.59375
9286.605469
9252.855469
9219.336914
9186.050781
9152.992188
9120.15918
9087.545898
9055.162109
9022.988281
8991.036133
8959.298828
8927.771484
8896.455078
8865.347656
8834.445312
8803.745117
8773.248047
8742.952148
8712.851562
8682.950195
8653.242188
8623.722656
8594.394531
8565.255859
8536.301758
8507.533203
8478.948242
8450.543945
8422.314453
8394.271484
8366.397461
8338.698242
8311.171875
8283.818359
8256.628906
8229.614258
8202.746094
8176.074707
8149.535645
8123.185547
8096.98291
8070.939453
8045.049805
8019.316406
7993.738281
7968.313477
7943.038574
7917.912109
7892.938477
7868.111328
7843.425781
7818.890625
7794.491211
7770.242188
7746.131836
7722.158203
7698.321777
7674.625
7651.061523
7627.637695
7604.341797
7581.182617
7558.152344
7535.250977
7512.480469
7489.836914
7467.320801
7444.930664
7422.665039
7400.521484
7378.498047
7356.604004
7334.820312
7313.161621
7291.621094
7270.196777
7248.886719
7227.698242
7206.619141
7185.654297
7164.804199
7144.063965
7123.433594
7102.913086
7082.503906
7062.19873
7042.004883
7021.914551
7001.928711
6982.049805
6962.272461
6942.602539
6923.03125
6903.556641
6884.19043
6864.918945
6845.752441
6826.675781
6807.697754
6788.809082
6770.083496
6751.351562
6732.744141
6714.263672
6695.849121
6677.530273
6659.313477
6641.177246
6623.129395
6605.175781
6587.317871
6569.532227
6551.841797
6534.239258
6516.720703
6499.290039
6481.9375
6464.675781
6447.495605
6430.397461
6413.384766
6396.447266
6379.59375
6362.821777
6346.12793
6329.51416
6312.981445
6296.521973
6280.141602
6263.838867
6247.610352
6231.459961
6215.386719
6199.383789
6183.455566
6167.606445
6151.823242
6136.116211
6120.479492
6104.916016
6089.420898
6074
6058.646973
6043.365234
6028.149414
6013.005371
5997.924805
5982.916016
5967.973633
5953.098633
5938.286621
5923.541992
5908.867188
5894.249023
5879.702148
5865.212891
5850.788086
5836.431152
5822.132812
5807.898438
5793.728516
5779.610352
5765.558594
5751.567871
5737.654297
5723.775879
5709.969727
5696.208984
5682.518555
5668.884277
5655.310547
5641.789062
5628.328613
5614.922363
5601.571289
5588.274414
5575.036133
5561.855469
5548.722656
5535.652832
5522.628418
5509.665527
5496.751953
5483.892578
5471.085938
5458.331055
5445.626465
5432.978516
5420.376953
5407.827637
5395.332031
5382.882812
5370.486328
5358.137695
5345.839355
5333.592285
5321.393555
5309.240234
5297.132812
5285.083496
5273.072754
5261.111328
5249.19873
5237.332031
5225.513672
5213.738281
5202.010254
5190.327637
5178.688477
5167.101562
5155.553223
5144.049316
5132.588867
5121.175781
5109.802246
5098.472656
5087.189941
5075.944824
5064.745117
5053.601562
5042.478027
5031.410645
5020.383789
5009.387207
4998.443359
4987.541016
4976.65332
4965.842285
4954.993652
4944.30957
4933.65918
4922.943359
4912.303711
4901.709473
4891.154297
4880.665039
4870.183594
4859.753906
4849.350586
4838.996094
4828.672852
4818.389648
4808.142578
4797.9375
4787.757812
4777.62207
4767.518555
4757.457031
4747.426758
4737.43457
4727.473633
4717.552734
4707.665039
4697.80957
4687.994629
4678.208984
4668.457031
4658.741211
4649.060059
4639.40918
4629.796387
4620.214844
4610.664062
4601.151367
4591.665039
4582.21582
4572.797363
4563.411133
4554.059082
4544.736816
4535.443359
4526.1875
4516.959961
4507.763184
4498.597656
4489.461426
4480.363281
4471.286621
4462.243164
4453.231934
4444.25
4435.296875
4426.37207
4417.477539
4408.612305
4399.780273
4390.97168
4382.196289
4373.445312
4364.729004
4356.032227
4347.367188
4338.746582
4330.132324
4321.536133
4313.001953
4304.477539
4295.975586
4287.513672
4279.070801
4270.655762
4262.270508
4253.908203
4245.572266
4237.264648
4228.984375
4220.727539
4212.5
4204.294922
4196.117188
4187.963867
4179.837891
4171.738281
4163.661133
4155.610352
4147.584473
4139.583496
4131.608398
4123.657227
4115.730469
4107.827148
4099.949219
4092.095459
4084.264404
4076.460205
4068.678467
4060.915771
4053.186523
4045.470947
4037.78418
4030.117676
4022.476562
4014.856934
4007.260254
3999.689941
3992.13916
3984.608154
3977.103271
3969.621582
3962.158691
3954.720459
3947.301758
3939.907471
3932.534912
3925.182129
3917.854248
3910.546387
3903.258057
3895.991211
3888.740723
3881.5271
3874.31958
3867.141113
3859.983398
3852.830078
3845.720459
3838.626953
3831.53833
3824.459229
3817.445312
3810.426025
3803.425293
3796.448975
3789.485596
3782.54541
3775.628174
3768.730225
3761.847168
3754.986816
3748.146973
3741.322021
3734.520996
3727.733154
3720.969238
3714.225342
3707.495361
3700.787598
3694.095703
3687.423584
3680.77002
3674.132812
3667.51709
3660.918213
3654.336914
3647.772949
3641.227295
3634.700684
3628.189941
3621.701904
3615.225586
3608.766357
3602.33252
3595.908447
3589.503418
3583.115234
3576.743896
3570.390137
3564.053467
3557.736084
3551.432861
3545.146729
3538.876953
3532.624023
3526.388672
3520.167236
3513.9646
3507.778564
3501.609863
3495.453125
3489.313477
3483.190186
3477.086426
3470.994385
3464.920166
3458.861816
3452.815918
3446.794434
3440.776123
3434.775879
3428.80835
3422.830078
3416.881348
3410.936768
3405.0271
3399.118164
3393.230957
3387.355469
3381.496338
3375.648682
3369.817627
3364.001465
3358.198486
3352.411621
3346.639893
3340.881836
3335.139893
3329.406006
3323.692871
3317.991943
3312.306152
3306.633789
3300.976807
3295.329834
3289.699951
3284.082031
3278.481689
3272.892578
3267.313965
3261.752686
3256.205078
3250.668701
3245.145264
3239.641113
3234.144531
3228.661621
3223.199219
3217.743164
3212.299805
3206.869629
3201.455566
3196.052246
3190.664062
3185.285156
3179.920898
3174.571777
3169.232422
3163.902832
3158.591797
3153.290039
3148.006104
3142.726074
3137.465576
3132.212891
3126.976562
3121.744141
3116.532227
3111.323242
3106.139648
3100.963379
3095.791504
3090.638672
3085.494629
3080.391602
3075.285156
3070.146973
3065.048828
3059.929443
3054.893555
3049.829346
3044.790527
3039.747559
3034.716797
3029.704346
3024.705566
3019.71582
3014.737793
3009.767578
3004.808105
2999.862061
2994.92627
2989.998047
2985.088867
2980.186523
2975.294922
2970.412598
2965.544189
2960.683594
2955.836182
2950.998047
2946.172119
2941.355957
2936.550781
2931.753418
2926.969482
2922.195068
2917.43042
2912.680176
2907.937744
2903.201904
2898.484863
2893.769043
2889.068359
2884.375488
2879.694824
2875.021729
2870.361328
2865.710449
2861.069336
2856.438965
2851.816162
2847.202148
2842.602051
2838.01123
2833.428467
2828.855713
2824.29541
2819.742188
2815.196289
2810.661621
2806.140137
2801.621582
2797.116699
2792.617188
2788.130859
2783.652344
2779.184082
2774.732422
2770.291016
2765.847168
2761.408203
2756.977539
2752.580078
2748.16748
2743.775879
2739.390625
2735.011963
2730.644775
2726.287598
2721.937012
2717.59668
2713.265137
2708.938965
2704.622559
2700.318359
2696.017578
2691.733398
2687.453125
2683.181885
2678.919922
2674.664062
2670.418457
2666.182373
2661.952393
2657.731689
2653.521973
2649.317383
2645.120605
2640.93335
2636.754883
2632.585938
2628.424072
2624.269043
2620.12207
2615.986816
2611.855957
2607.735352
2603.621094
2599.515381
2595.41748
2591.328369
2587.246094
2583.172852
2579.106201
2575.049316
2571.001221
2566.955566
2562.920898
2558.893555
2554.872559
2550.864746
2546.859863
2542.866699
2538.875488
2534.896484
2530.919189
2526.953613
2522.996826
2519.045654
2515.102539
2511.174316
2507.243652
2503.308594
2499.414551
2495.496094
2491.59668
2487.699219
2483.815918
2479.941406
2476.074219
2472.209961
2468.354004
2464.505615
2460.65918
2456.824707
2452.99585
2449.177246
2445.362549
2441.558105
2437.752441
2433.9646
2430.176758
2426.39917
2422.625488
2418.86084
2415.102539
2411.350342
2407.604492
2403.867676
2400.136475
2396.411621
2392.693848
2388.981445
2385.274658
2381.577148
2377.887207
2374.20166
2370.522461
2366.851074
2363.185059
2359.525635
2355.873291
2352.228027
2348.586914
2344.95459
2341.328613
2337.706543
2334.092773
2330.482422
2326.884766
2323.287354
2319.69873
2316.11499
2312.538818
2308.967773
2305.405518
2301.844727
2298.293457
2294.749268
2291.206055
2287.67627
2284.149902
2280.626709
2277.109375
2273.603271
2270.095703
2266.61084
2263.139893
2259.618164
2256.150146
2252.664307
2249.191895
2245.739258
2242.277344
2238.828857
2235.382324
2231.942139
2228.507568
2225.080078
2221.659668
2218.244141
2214.831543
2211.427734
2208.026611
2204.632812
2201.245361
2197.863037
2194.481934
2191.115234
2187.745605
2184.388672
2181.031738
2177.680664
2174.333984
2170.999023
2167.666016
2164.337402
2161.017334
2157.69873
2154.387695
2151.083008
2147.77832
2144.487305
2141.191895
2137.905273
2134.624512
2131.352539
2128.079834
2124.817871
2121.563721
2118.307617
2115.059082
2111.806885
2108.571289
2105.34082
2102.110107
2098.888184
2095.672852
2092.458496
2089.250732
2086.049805
2082.852539
2079.662598
2076.474609
2073.277344
2070.087402
2066.927246
2063.775879
2060.597656
2057.450684
2054.258057
2051.120361
2048
2044.877686
2041.759277
2038.599854
2035.460205
2032.342529
2029.226318
2026.133057
2023.022949
2019.913574
2016.827148
2013.731934
2010.644287
2007.55957
2004.485596
2001.409424
1998.3396
1995.274902
1992.218506
1989.16748
1986.112793
1983.064941
1980.023682
1976.990967
1973.954346
1970.928467
1967.905273
1964.886719
1961.87085
1958.861572
1955.854004
1952.856445
1949.856689
1946.863525
1943.881104
1940.893555
1937.913574
1934.940186
1931.969727
1929.002197
1926.03833
1923.082764
1920.128906
1917.178955
1914.234863
1911.291748
1908.354248
1905.421875
1902.495117
1899.571777
1896.651855
1893.736572
1890.822266
1887.915527
1885.010254
1882.112061
1879.216064
1876.322998
1873.438965
1870.556396
1867.67334
1864.804932
1861.929199
1859.080078
1856.199219
1853.347656
1850.481934
1847.632568
1844.784912
1841.941895
1839.103027
1836.266602
1833.437988
1830.60791
1827.78418
1824.964355
1822.148682
1819.336426
1816.530029
1813.721191
1810.922607
1808.124512
1805.332031
1802.54248
1799.757812
1796.974365
1794.196777
1791.419922
1788.651123
1785.883789
1783.119141
1780.360352
1777.60498
1774.852051
1772.101562
1769.359863
1766.617188
1763.87793
1761.145752
1758.413574
1755.687988
1752.964355
1750.244385
1747.527832
1744.815918
1742.106934
1739.402344
1736.69873
1733.999268
1731.30542
1728.611572
1725.927246
1723.238281
1720.560547
1717.879639
1715.203857
1712.534668
1709.868652
1707.206543
1704.541992
1701.886719
1699.233398
1696.58667
1693.937012
1691.290039
1688.640381
1686.012207
1683.373779
1680.750488
1678.155762
1675.491699
1672.874023
1670.260498
1667.638916
1665.031494
1662.429932
1659.825928
1657.22583
1654.628174
1652.032227
1649.441406
1646.850586
1644.269775
1641.685059
1639.108398
1636.53418
1633.962402
1631.390869
1628.824463
1626.262207
1623.701172
1621.145996
1618.593994
1616.042969
1613.494141
1610.950439
1608.409424
1605.871582
1603.335449
1600.803955
1598.274658
1595.747803
1593.227539
1590.706543
1588.190918
1585.67749
1583.164795
1580.654785
1578.152344
1575.649902
1573.150146
1570.655029
1568.15918
1565.669434
1563.182617
1560.697266
1558.217041
1555.737549
1553.263428
1550.790039
1548.318848
1545.851562
1543.389648
1540.924316
1538.469971
1536.013672
1533.55957
1531.109131
1528.655762
1526.213135
1523.771973
1521.337646
1518.900391
1516.462158
1514.040039
1511.611084
1509.182617
1506.760742
1504.341797
1501.922119
1499.51001
1497.10083
1494.690186
1492.283203
1489.880127
1487.480225
1485.082275
1482.682861
1480.293945
1477.902832
1475.515137
1473.12915
1470.748535
1468.370117
1465.990723
1463.616943
1461.244385
1458.87915
1456.51001
1454.145508
1451.784668
1449.425293
1447.067139
1444.716553
1442.364014
1440.015625
1437.672119
1435.325439
1432.986328
1430.644775
1428.30835
1425.975342
1423.64624
1421.31665
1418.990967
1416.666992
1414.347412
1412.023926
1409.714355
1407.395996
1405.082275
1402.780762
1400.470459
1398.167969
1395.864502
1393.56958
1391.264893
1388.964355
1386.685791
1384.384521
1382.103271
1379.814453
1377.54541
1375.248779
1373.000488
1370.643555
1368.429932
1366.121826
1363.900635
1361.61792
1359.36499
1357.104004
1354.839355
1352.579834
1350.326172
1348.073242
1345.82373
1343.576172
1341.32959
1339.086182
1336.847168
1334.605225
1332.369141
1330.136963
1327.904053
1325.67334
1323.444336
1321.219971
1318.996826
1316.775879
1314.557861
1312.34082
1310.124268
1307.911865
1305.701416
1303.493652
1301.285156
1299.084961
1296.88208
1294.682373
1292.486816
1290.287842
1288.095703
1285.904785
1283.717041
1281.52832
1279.342529
1277.161865
1274.980713
1272.802246
1270.625244
1268.450684
1266.279297
1264.10791
1261.941406
1259.774414
1257.608643
1255.448975
1253.288086
1251.128662
1248.972412
1246.820068
1244.669434
1242.52124
1240.368652
1238.221924
1236.070312
1233.937012
1231.801025
1229.641113
1227.523926
1225.385254
1223.263672
1221.130615
1218.99707
1216.875977
1214.751465
1212.626221
1210.50415
1208.386719
1206.27002
1204.155518
1202.042969
1199.932861
1197.823975
1195.71582
1193.610352
1191.505127
1189.406494
1187.304688
1185.207275
1183.111328
1181.018066
1178.925049
1176.835693
1174.747314
1172.659424
1170.574707
1168.491455
1166.409912
1164.330322
1162.252686
1160.177002
1158.101074
1156.034668
1153.960449
1151.894043
1149.825684
1147.759277
1145.695068
1143.636719
1141.577881
1139.517822
1137.460938
1135.40625
1133.35376
1131.303955
1129.25415
1127.208496
1125.161133
1123.116211
1121.075195
1119.035889
1116.994873
1114.958984
1112.925293
1110.890381
1108.857178
1106.827637
1104.797852
1102.760742
1100.731934
1098.737305
1096.700439
1094.678955
1092.661865
1090.640869
1088.622559
1086.609131
1084.597168
1082.594238
1080.580566
1078.576172
1076.567871
1074.563477
1072.5625
1070.562256
1068.561768
1066.563477
1064.567627
1062.575195
1060.583496
1058.591797
1056.602051
1054.612793
1052.627197
1050.641357
1048.658447
1046.675781
1044.695801
1042.716797
1040.73877
1038.763184
1036.788574
1034.814453
1032.848389
1030.876221
1028.906494
1026.943115
1024.977783
1023.016113
1021.050293
1019.091797
1017.131348
1015.174805
1013.218262
1011.265137
1009.312012
1007.360352
1005.409668
1003.460449
1001.512695
999.5673828
997.6254883
995.6811523
993.7402344
991.7963867
989.8603516
987.9243164
985.9887695
984.0522461
982.1225586
980.190918
978.2553711
976.3349609
974.4125977
972.4892578
970.527832
968.6313477
966.7138672
964.7856445
962.8696289
960.9545898
959.0424805
957.1240234
955.2109375
953.2949219
951.387207
949.4794922
947.5717773
945.6660156
943.7612305
941.8564453
939.9545898
938.0527344
936.1533203
934.2558594
932.355957
930.4614258
928.5688477
926.6743164
924.7832031
922.8911133
921.0043945
919.1152344
917.2299805
915.3422852
913.4599609
911.5722656
909.6987305
907.8129883
905.934082
904.0605469
902.1845703
900.3100586
898.4370117
896.5600586
894.6923828
892.8227539
890.9545898
889.081543
887.2192383
885.3540039
883.4868164
881.6225586
879.765625
877.9067383
876.0463867
874.1870117
872.331543
870.4804688
868.6235352
866.7661133
864.9228516
863.0654297
861.2192383
859.3754883
857.527832
855.6567383
853.8325195
851.9819336
850.1816406
848.3095703
846.4790039
844.6318359
842.8120117
840.9555664
839.1323242
837.2910156
835.4604492
833.628418
831.7973633
829.9633789
828.1362305
826.3085938
824.484375
822.6621094
820.8330078
819.0092773
817.1899414
815.3720703
813.5493164
811.7338867
809.9140625
808.0996094
806.284668
804.4716797
802.6591797
800.8500977
799.0375977
797.2270508
795.4204102
793.6098633
791.8061523
790.0014648
788.1933594
786.3964844
784.5922852
782.7919922
780.9916992
779.1943359
777.394043
775.5996094
773.8022461
772.0092773
770.215332
768.4228516
766.6308594
764.8417969
763.0512695
761.2646484
759.4760742
757.6889648
755.9038086
754.1191406
752.3378906
750.5517578
748.7719727
746.9921875
745.2133789
743.4360352
741.6586914
739.8833008
738.1103516
736.3398438
734.5527344
732.7866211
731.0170898
729.2387695
727.4760742
725.7055664
723.9365234
722.1733398
720.40625
718.6396484
716.8803711
715.1142578
713.3544922
711.59375
709.8330078
708.074707
706.3125
704.5585938
702.8022461
701.0463867
699.2924805
697.5390625
695.7866211
694.0356445
692.2832031
690.534668
688.7871094
687.0380859
685.2895508
683.5444336
681.7988281
680.0532227
678.3115234
676.5688477
674.824707
673.0883789
671.3461914
669.6064453
667.8676758
666.1318359
664.394043
662.6567383
660.9228516
659.1904297
657.4570312
655.7241211
653.9907227
652.2612305
650.5327148
648.8041992
647.0766602
645.3500977
643.6230469
641.8979492
640.1728516
638.4487305
636.7246094
635.0039062
633.2802734
631.5664062
629.8413086
628.1289062
626.4033203
624.6879883
622.9770508
621.2539062
619.5170898
617.8295898
616.1083984
614.3955078
612.6894531
610.9736328
609.2646484
607.5605469
605.847168
604.1459961
602.4335938
600.7265625
599.0229492
597.3164062
595.6118164
593.9121094
592.2075195
590.5029297
588.8041992
587.1025391
585.4042969
583.7036133
582.0058594
580.3100586
578.6137695
576.9165039
575.2226562
573.5273438
571.8339844
570.1391602
568.4516602
566.7573242
565.0644531
563.378418
561.6879883
559.9995117
558.3105469
556.6235352
554.9384766
553.2514648
551.5668945
549.8833008
548.199707
546.5175781
544.831543
543.1508789
541.4692383
539.7915039
538.1108398
536.4335938
534.7543945
533.0776367
531.4008789
529.7260742
528.050293
526.3745117
524.7006836
523.0263672
521.3510742
519.6791992
518.0073242
516.3442383
514.659668
512.9975586
511.3393555
509.659668
507.9960938
506.3291016
504.6601562
502.9936523
501.3271484
499.659668
497.9990234
496.3369141
494.671875
493.012207
491.3496094
489.6899414
488.027832
486.3691406
484.7084961
483.0517578
481.3935547
479.7363281
478.0791016
476.4228516
474.765625
473.1123047
471.4580078
469.8046875
468.1503906
466.4980469
464.8466797
463.1914062
461.5429688
459.8945312
458.2412109
456.5957031
454.9462891
453.2988281
451.6503906
450.0039062
448.3583984
446.7109375
445.0673828
443.421875
441.7783203
440.1347656
438.4921875
436.8476562
435.2070312
433.5634766
431.921875
430.2802734
428.6386719
427.0039062
425.3652344
423.7304688
422.0878906
420.4511719
418.8251953
417.1806641
415.5371094
413.8955078
412.2685547
410.6533203
409.0009766
407.3720703
405.7460938
404.1035156
402.4667969
400.8388672
399.2158203
397.5810547
395.9570312
394.3212891
392.6992188
391.0664062
389.4414062
387.8105469
386.1865234
384.5556641
382.9326172
381.3095703
379.6796875
378.0576172
376.4316406
374.8105469
373.1865234
371.5654297
369.9404297
368.3203125
366.6972656
365.0800781
363.4580078
361.8369141
360.2177734
358.5976562
356.9814453
355.3613281
353.7431641
352.1279297
350.5087891
348.8935547
347.2773438
345.6611328
344.0449219
342.4306641
340.8173828
339.2021484
337.5878906
335.9746094
334.3623047
332.7509766
331.1357422
329.5263672
327.9160156
326.3027344
324.6943359
323.0820312
321.4716797
319.8623047
318.2548828
316.6474609
315.0400391
313.4335938
311.8232422
310.21875
308.6181641
307.0068359
305.3935547
303.7919922
302.1728516
300.5800781
298.9785156
297.3759766
295.7714844
294.1679688
292.5634766
290.9599609
289.3574219
287.7558594
286.1533203
284.5556641
282.953125
281.3505859
279.75
278.1523438
276.5517578
274.953125
273.3535156
271.7539062
270.1572266
268.5595703
266.9599609
265.3642578
263.7685547
262.1699219
260.5742188
258.9775391
257.3828125
255.7851562
254.1933594
252.5957031
251
249.4082031
247.8144531
246.2207031
244.6269531
243.0332031
241.4414062
239.8457031
238.2578125
236.6621094
235.0722656
233.4824219
231.8886719
230.3007812
228.7070312
227.1191406
225.5292969
223.9375
222.3496094
220.7617188
219.1738281
217.5820312
215.9941406
214.4023438
212.8125
211.2285156
209.6503906
208.0605469
206.4707031
204.8691406
203.3027344
201.7089844
200.1015625
198.5488281
196.953125
195.3671875
193.7792969
192.2011719
190.6132812
189.03125
187.4453125
185.859375
184.2792969
182.6953125
181.1152344
179.5292969
177.9453125
176.3632812
174.7792969
173.1992188
171.6171875
170.0371094
168.453125
166.8710938
165.2910156
163.7109375
162.1289062
160.5488281
158.9707031
157.3867188
155.8105469
154.2265625
152.6484375
151.0683594
149.4882812
147.9121094
146.3320312
144.7539062
143.1757812
141.5957031
140.0175781
138.4394531
136.8632812
135.2871094
133.7089844
132.1289062
130.5527344
128.9746094
127.3984375
125.8242188
124.2460938
122.671875
121.09375
119.515625
117.9414062
116.3632812
114.7890625
113.2148438
111.640625
110.0625
108.4882812
106.9101562
105.34375
103.7539062
102.1601562
100.6132812
99.03515625
97.4609375
95.890625
94.3125
92.73828125
91.1640625
89.59375
88.01953125
86.4453125
84.87109375
83.30078125
81.7265625
80.15234375
78.58203125
77.00390625
75.43359375
73.86328125
72.28515625
70.71875
69.140625
67.5703125
66
64.42578125
62.8515625
61.2890625
59.703125
58.1328125
56.5625
54.9921875
53.421875
51.8515625
50.2734375
48.703125
47.1328125
45.5625
43.9921875
42.421875
40.84375
39.2734375
37.703125
36.1328125
34.5625
32.9921875
31.421875
29.84375
28.28125
26.71875
25.140625
23.578125
22
20.421875
18.84375
17.28125
15.6875
14.125
12.5625
11
9.4375
7.8125
6.3125
4.6875
3.125
1.5
0
-1.625
-3.1875
-4.6875
-6.25
-7.84375
-9.4375
-10.984375
-12.5625
-14.125
-15.703125
-17.265625
-18.8515625
-20.4296875
-21.9921875
-23.5703125
-25.140625
-26.703125
-28.265625
-29.84375
-31.4140625
-32.984375
-34.5625
-36.12890625
-37.69921875
-39.2734375
-40.8515625
-42.41796875
-43.98828125
-45.5546875
-47.12890625
-48.703125
-50.27734375
-51.84375
-53.41796875
-54.9921875
-56.5625
-58.13671875
-59.70703125
-61.28125
-62.84765625
-64.42382812
-65.99414062
-67.5703125
-69.14257812
-70.71484375
-72.28515625
-73.859375
-75.4296875
-77.00390625
-78.58007812
-80.15429688
-81.7265625
-83.30078125
-84.87109375
-86.4453125
-88.015625
-89.59375
-91.1640625
-92.734375
-94.32421875
-95.890625
-97.46484375
-99.0703125
-100.6132812
-102.1875
-103.765625
-105.3398438
-106.9121094
-108.484375
-110.0644531
-111.6347656
-113.2109375
-114.7890625
-116.3671875
-117.9394531
-119.5175781
-121.09375
-122.6699219
-124.2441406
-125.8242188
-127.3945312
-128.9755859
-130.5527344
-132.1308594
-133.7080078
-135.2851562
-136.8632812
-138.4414062
-140.0166016
-141.5976562
-143.1748047
-144.7529297
-146.3339844
-147.9140625
-149.4882812
-151.0712891
-152.6503906
-154.2285156
-155.8095703
-157.3867188
-158.9697266
-160.5488281
-162.1298828
-163.7138672
-165.2919922
-166.8710938
-168.4541016
-170.0371094
-171.6181641
-173.1992188
-174.78125
-176.3623047
-177.9462891
-179.53125
-181.1113281
-182.6943359
-184.2763672
-185.8613281
-187.4462891
-189.0302734
-190.6210938
-192.2011719
-193.7792969
-195.375
-196.9541016
-198.5283203
-200.1337891
-201.7089844
-203.3203125
-204.8730469
-206.4746094
-208.0585938
-209.6464844
-211.2304688
-212.8193359
-214.4052734
-215.9931641
-217.5830078
-219.1699219
-220.7597656
-222.3476562
-223.9394531
-225.5292969
-227.1181641
-228.7109375
-230.3007812
-231.8925781
-233.4814453
-235.0722656
-236.6630859
-238.2558594
-239.8505859
-241.4414062
-243.0351562
-244.6269531
-246.2207031
-247.8154297
-249.4072266
-250.9990234
-252.5957031
-254.1923828
-255.7856445
-257.3818359
-258.9785156
-260.5742188
-262.1713867
-263.7661133
-265.3632812
-266.9589844
-268.5585938
-270.1577148
-271.7548828
-273.3544922
-274.9511719
-276.5527344
-278.1513672
-279.75
-281.3505859
-282.9516602
-284.5532227
-286.1542969
-287.7563477
-289.3583984
-290.9589844
-292.5625
-294.1655273
-295.7714844
-297.375
-298.9755859
-300.581543
-302.1904297
-303.7919922
-305.4130859
-307.0053711
-308.6083984
-310.2143555
-311.8227539
-313.4321289
-315.0380859
-316.6474609
-318.2558594
-319.8642578
-321.4775391
-323.0834961
-324.6928711
-326.3022461
-327.9150391
-329.5258789
-331.1362305
-332.7490234
-334.359375
-335.9755859
-337.5878906
-339.2021484
-340.8173828
-342.4306641
-344.0454102
-345.6611328
-347.2758789
-348.8935547
-350.5087891
-352.1269531
-353.7426758
-355.3623047
-356.9829102
-358.597168
-360.21875
-361.8378906
-363.4584961
-365.0771484
-366.7011719
-368.3193359
-369.9414062
-371.5654297
-373.1855469
-374.8085938
-376.4331055
-378.0585938
-379.6801758
-381.3115234
-382.9375
-384.5639648
-386.1875
-387.8134766
-389.4404297
-391.0683594
-392.6943359
-394.3212891
-395.9492188
-397.5834961
-399.2216797
-400.8544922
-402.4726562
-404.097168
-405.7416992
-407.3720703
-408.9985352
-410.6416016
-412.28125
-413.9165039
-415.5415039
-417.1821289
-418.8125
-420.4550781
-422.0854492
-423.7285156
-425.362793
-427.0053711
-428.640625
-430.2851562
-431.9243164
-433.5629883
-435.2084961
-436.8457031
-438.4921875
-440.1337891
-441.7773438
-443.421875
-445.0664062
-446.7109375
-448.3583984
-450.0039062
-451.6503906
-453.2993164
-454.9472656
-456.5957031
-458.2421875
-459.8935547
-461.5458984
-463.1918945
-464.847168
-466.4980469
-468.1518555
-469.8027344
-471.4575195
-473.112793
-474.7675781
-476.4208984
-478.078125
-479.7353516
-481.3911133
-483.0498047
-484.7089844
-486.3669434
-488.0263672
-489.6867676
-491.3498535
-493.0102539
-494.6711426
-496.3352051
-497.9980469
-499.6601562
-501.3234863
-502.9963379
-504.6623535
-506.3210449
-507.9829102
-509.6569824
-511.3178711
-512.9975586
-514.652832
-516.3369141
-518.0053711
-519.6748047
-521.3503418
-523.0251465
-524.6992188
-526.3737793
-528.0473633
-529.7229004
-531.3991699
-533.0754395
-534.7556152
-536.432373
-538.1103516
-539.791748
-541.4719238
-543.1516113
-544.8344727
-546.5153809
-548.1992188
-549.8818359
-551.5671387
-553.251709
-554.9362793
-556.6257324
-558.3112793
-559.9992676
-561.6875
-563.3776855
-565.065918
-566.7563477
-568.4509277
-570.1411133
-571.8330078
-573.5268555
-575.2226562
-576.9174805
-578.6140137
-580.3112793
-582.0056152
-583.704834
-585.4038086
-587.1020508
-588.8039551
-590.503418
-592.2089844
-593.909668
-595.6115723
-597.315918
-599.0197754
-600.7250977
-602.4328613
-604.1374512
-605.8435059
-607.5598145
-609.2653809
-610.9775391
-612.6826172
-614.3935547
-616.1137695
-617.8413086
-619.5527344
-621.2539062
-622.9924316
-624.6818848
-626.4077148
-628.1252441
-629.8395996
-631.5639648
-633.2827148
-634.9987793
-636.7260742
-638.4450684
-640.1728516
-641.8981934
-643.6193848
-645.3498535
-647.0754395
-648.8015137
-650.5327148
-652.2634277
-653.9921875
-655.7248535
-657.4558105
-659.1884766
-660.9245605
-662.6586914
-664.3937988
-666.1303711
-667.8674316
-669.6054688
-671.3459473
-673.0869141
-674.824707
-676.5686035
-678.3120117
-680.0529785
-681.7980957
-683.5437012
-685.291748
-687.0371094
-688.7858887
-690.532959
-692.2827148
-694.0344238
-695.7868652
-697.5385742
-699.2907715
-701.0471191
-702.8027344
-704.5593262
-706.3183594
-708.0751953
-709.8327637
-711.5961914
-713.3532715
-715.1169434
-716.8806152
-718.6425781
-720.4040527
-722.1721191
-723.9382324
-725.7058105
-727.4697266
-729.2368164
-731.0146484
-732.7866211
-734.5576172
-736.3369141
-738.1037598
-739.8798828
-741.6591797
-743.4348145
-745.2124023
-746.9951172
-748.7722168
-750.5563965
-752.3366699
-754.1188965
-755.9040527
-757.6899414
-759.4770508
-761.262207
-763.052002
-764.8405762
-766.6325684
-768.4226074
-770.2148438
-772.0087891
-773.8034668
-775.5996094
-777.3947754
-779.1950684
-780.9909668
-782.7937012
-784.5932617
-786.3989258
-788.1945801
-790.0021973
-791.8085938
-793.6098633
-795.4174805
-797.2255859
-799.034668
-800.8479004
-802.6599121
-804.470459
-806.2856445
-808.1005859
-809.9177246
-811.7302246
-813.5527344
-815.371582
-817.1933594
-819.0102539
-820.8374023
-822.6611328
-824.4848633
-826.3071289
-828.1369629
-829.9665527
-831.7958984
-833.6293945
-835.453125
-837.2861328
-839.1162109
-840.9787598
-842.8054199
-844.6337891
-846.4956055
-848.3093262
-850.1403809
-851.9907227
-853.8171387
-855.6826172
-857.5168457
-859.3691406
-861.2175293
-863.0666504
-864.9143066
-866.7702637
-868.6247559
-870.4799805
-872.3322754
-874.1875
-876.0480957
-877.9084473
-879.7653809
-881.6259766
-883.4919434
-885.3520508
-887.2194824
-889.0856934
-890.9523926
-892.8215332
-894.6899414
-896.5617676
-898.4348145
-900.3078613
-902.1811523
-904.0615234
-905.9360352
-907.8164062
-909.6984863
-911.5744629
-913.4606934
-915.3430176
-917.2275391
-919.1157227
-921.0053711
-922.8901367
-924.782959
-926.6750488
-928.567627
-930.4624023
-932.3566895
-934.2543945
-936.1525879
-938.0522461
-939.9533691
-941.855957
-943.7590332
-945.6650391
-947.5732422
-949.4802246
-951.3859863
-953.3007812
-955.208252
-957.123291
-959.0380859
-960.9492188
-962.8730469
-964.7785645
-966.7299805
-968.6313477
-970.5510254
-972.4831543
-974.4050293
-976.3303223
-978.2587891
-980.1894531
-982.1225586
-984.0556641
-985.9870605
-987.9238281
-989.8603516
-991.7988281
-993.7382812
-995.6804199
-997.623291
-999.567627
-1001.512939
-1003.460693
-1005.409424
-1007.360352
-1009.312012
-1011.26416
-1013.219238
-1015.174805
-1017.132568
-1019.09082
-1021.051025
-1023.013184
-1024.977783
-1026.942627
-1028.908447
-1030.876221
-1032.847412
-1034.814453
-1036.789795
-1038.763672
-1040.739746
-1042.716797
-1044.694336
-1046.676758
-1048.656738
-1050.641113
-1052.624756
-1054.612549
-1056.602539
-1058.591309
-1060.582275
-1062.57373
-1064.571533
-1066.564697
-1068.561035
-1070.560791
-1072.562012
-1074.566162
-1076.570312
-1078.571777
-1080.579346
-1082.586182
-1084.60498
-1086.616211
-1088.631836
-1090.633057
-1092.638184
-1094.678467
-1096.697998
-1098.724121
-1100.750244
-1102.774902
-1104.80249
-1106.82251
-1108.858887
-1110.886475
-1112.924561
-1114.960938
-1116.996582
-1119.034668
-1121.076416
-1123.116699
-1125.162354
-1127.206543
-1129.25415
-1131.30249
-1133.353027
-1135.407227
-1137.460693
-1139.516602
-1141.577148
-1143.636719
-1145.696533
-1147.759766
-1149.825684
-1151.893311
-1153.960449
-1156.032227
-1158.102295
-1160.177734
-1162.254639
-1164.330078
-1166.411865
-1168.491699
-1170.575195
-1172.659912
-1174.747559
-1176.83374
-1178.926025
-1181.016357
-1183.111084
-1185.208008
-1187.306641
-1189.405273
-1191.509521
-1193.609619
-1195.7146
-1197.820801
-1199.929199
-1202.043457
-1204.155518
-1206.271973
-1208.387451
-1210.504639
-1212.628418
-1214.746582
-1216.873535
-1219.001221
-1221.130371
-1223.250244
-1225.398926
-1227.523926
-1229.663818
-1231.792236
-1233.932617
-1236.080566
-1238.21875
-1240.366943
-1242.519775
-1244.668701
-1246.819824
-1248.974854
-1251.129395
-1253.287842
-1255.447266
-1257.610107
-1259.773682
-1261.938965
-1264.109619
-1266.278809
-1268.452148
-1270.623291
-1272.800537
-1274.981201
-1277.162109
-1279.344971
-1281.526367
-1283.716309
-1285.904053
-1288.095703
-1290.288818
-1292.487061
-1294.681152
-1296.880859
-1299.084473
-1301.285156
-1303.494141
-1305.700195
-1307.912598
-1310.124512
-1312.339355
-1314.554688
-1316.774414
-1318.995117
-1321.219238
-1323.443359
-1325.675293
-1327.90332
-1330.137695
-1332.374268
-1334.602051
-1336.845459
-1339.085938
-1341.331055
-1343.576172
-1345.824219
-1348.083008
-1350.328125
-1352.589355
-1354.839355
-1357.107422
-1359.347168
-1361.614258
-1363.865234
-1366.206543
-1368.429688
-1370.73999
-1372.967773
-1375.262939
-1377.531738
-1379.813965
-1382.104492
-1384.390869
-1386.684082
-1388.973633
-1391.27002
-1393.56543
-1395.86377
-1398.164795
-1400.468262
-1402.776367
-1405.086914
-1407.396484
-1409.709961
-1412.027832
-1414.345947
-1416.666992
-1418.989502
-1421.316406
-1423.644775
-1425.976074
-1428.310547
-1430.645996
-1432.985107
-1435.326904
-1437.670654
-1440.012207
-1442.363525
-1444.715576
-1447.066895
-1449.425293
-1451.78418
-1454.146973
-1456.509277
-1458.875244
-1461.246094
-1463.615723
-1465.991211
-1468.367676
-1470.746826
-1473.130859
-1475.515137
-1477.902832
-1480.292725
-1482.684814
-1485.080566
-1487.480469
-1489.880859
-1492.284668
-1494.687012
-1497.098145
-1499.508301
-1501.922852
-1504.34082
-1506.760742
-1509.189941
-1511.603516
-1514.033203
-1516.481934
-1518.900391
-1521.338867
-1523.774414
-1526.215332
-1528.664551
-1531.108398
-1533.559814
-1536.013916
-1538.467285
-1540.925293
-1543.388672
-1545.853027
-1548.318848
-1550.788574
-1553.263672
-1555.738281
-1558.217773
-1560.699219
-1563.183838
-1565.670898
-1568.161133
-1570.654785
-1573.151123
-1575.650635
-1578.152588
-1580.655762
-1583.164062
-1585.674316
-1588.189209
-1590.705078
-1593.226562
-1595.747314
-1598.275879
-1600.807617
-1603.335449
-1605.871582
-1608.408203
-1610.951172
-1613.49585
-1616.04248
-1618.591064
-1621.144531
-1623.700195
-1626.264404
-1628.824707
-1631.389893
-1633.959473
-1636.530273
-1639.108398
-1641.687012
-1644.26709
-1646.852051
-1649.440918
-1652.029785
-1654.623047
-1657.223877
-1659.820801
-1662.43042
-1665.033936
-1667.647461
-1670.262207
-1672.888184
-1675.490234
-1678.10791
-1680.75
-1683.34668
-1686.019531
-1688.655762
-1691.292969
-1693.945312
-1696.588867
-1699.230957
-1701.884521
-1704.543945
-1707.203613
-1709.866943
-1712.534668
-1715.206299
-1717.880371
-1720.559082
-1723.241943
-1725.924805
-1728.614014
-1731.305176
-1733.999512
-1736.698242
-1739.401123
-1742.106445
-1744.812988
-1747.529053
-1750.243652
-1752.963379
-1755.688477
-1758.415283
-1761.145508
-1763.877441
-1766.617676
-1769.360352
-1772.103027
-1774.853027
-1777.60376
-1780.361572
-1783.120605
-1785.885742
-1788.649902
-1791.422363
-1794.196777
-1796.975586
-1799.755859
-1802.541016
-1805.332275
-1808.126465
-1810.921631
-1813.722412
-1816.530273
-1819.335205
-1822.149414
-1824.965332
-1827.784424
-1830.604492
-1833.434082
-1836.26709
-1839.103271
-1841.941406
-1844.790771
-1847.623047
-1850.497559
-1853.335205
-1856.200195
-1859.056396
-1861.929932
-1864.80127
-1867.676758
-1870.558594
-1873.438232
-1876.32373
-1879.215576
-1882.113037
-1885.009766
-1887.913574
-1890.822266
-1893.733887
-1896.650391
-1899.56958
-1902.496094
-1905.421143
-1908.355225
-1911.294434
-1914.232422
-1917.179199
-1920.126953
-1923.08252
-1926.040039
-1929.005859
-1931.967773
-1934.939453
-1937.915527
-1940.892334
-1943.878418
-1946.864258
-1949.856445
-1952.856445
-1955.854492
-1958.86377
-1961.874023
-1964.890137
-1967.907227
-1970.931396
-1973.958496
-1976.985596
-1980.026367
-1983.066895
-1986.119385
-1989.165039
-1992.21582
-1995.281982
-1998.341309
-2001.407227
-2004.489746
-2007.563232
-2010.643555
-2013.727539
-2016.818848
-2019.912109
-2023.027344
-2026.149902
-2029.239746
-2032.338379
-2035.472656
-2038.575684
-2041.758057
-2044.870361
-2048
-2051.127686
-2054.259277
-2057.443604
-2060.616455
-2063.780029
-2066.945068
-2070.101807
-2073.288574
-2076.476074
-2079.655273
-2082.849121
-2086.050537
-2089.254883
-2092.462158
-2095.675049
-2098.894287
-2102.118652
-2105.343506
-2108.57373
-2111.815918
-2115.061035
-2118.308838
-2121.561279
-2124.821533
-2128.084717
-2131.354492
-2134.628906
-2137.909912
-2141.193604
-2144.486816
-2147.77832
-2151.083252
-2154.390869
-2157.69751
-2161.018555
-2164.339355
-2167.666748
-2171.000977
-2174.338135
-2177.682861
-2181.031982
-2184.386719
-2187.747314
-2191.11377
-2194.485107
-2197.862061
-2201.248047
-2204.635742
-2208.026855
-2211.429199
-2214.832275
-2218.242188
-2221.657715
-2225.080566
-2228.510498
-2231.938721
-2235.379639
-2238.827637
-2242.281006
-2245.733887
-2249.19751
-2252.655762
-2256.101562
-2259.619141
-2263.095703
-2266.597168
-2270.099365
-2273.593506
-2277.10791
-2280.622559
-2284.145508
-2287.672363
-2291.20752
-2294.74707
-2298.29248
-2301.845947
-2305.404785
-2308.967529
-2312.537598
-2316.114014
-2319.696777
-2323.287109
-2326.882324
-2330.483398
-2334.091553
-2337.705566
-2341.327148
-2344.952881
-2348.586914
-2352.226562
-2355.87207
-2359.526855
-2363.185059
-2366.852539
-2370.52002
-2374.201172
-2377.888672
-2381.578369
-2385.275879
-2388.980957
-2392.691895
-2396.411377
-2400.135254
-2403.867676
-2407.60498
-2411.350586
-2415.102051
-2418.861572
-2422.623779
-2426.399658
-2430.180176
-2433.966797
-2437.75293
-2441.560303
-2445.365967
-2449.175293
-2452.995605
-2456.82373
-2460.65918
-2464.50293
-2468.349609
-2472.199951
-2476.065918
-2479.944336
-2483.822021
-2487.713379
-2491.609131
-2495.495605
-2499.400879
-2503.319824
-2507.238281
-2511.165771
-2515.0979
-2519.044189
-2522.994385
-2526.950928
-2530.919189
-2534.891846
-2538.875977
-2542.864258
-2546.858398
-2550.864502
-2554.876465
-2558.894531
-2562.922852
-2566.958496
-2571.001221
-2575.049072
-2579.105957
-2583.172852
-2587.246582
-2591.327881
-2595.418457
-2599.515137
-2603.619873
-2607.736084
-2611.855957
-2615.987793
-2620.122314
-2624.268311
-2628.424072
-2632.585938
-2636.755859
-2640.935059
-2645.121338
-2649.31665
-2653.520996
-2657.731934
-2661.953125
-2666.181885
-2670.420166
-2674.664551
-2678.918945
-2683.182129
-2687.454102
-2691.733154
-2696.020264
-2700.317627
-2704.623047
-2708.937988
-2713.262695
-2717.59375
-2721.935547
-2726.285889
-2730.646484
-2735.016113
-2739.392334
-2743.776367
-2748.164795
-2752.566895
-2756.971924
-2761.408203
-2765.847412
-2770.271484
-2774.729736
-2779.1875
-2783.65625
-2788.133789
-2792.622803
-2797.118408
-2801.621826
-2806.135986
-2810.661133
-2815.196533
-2819.739014
-2824.293701
-2828.855225
-2833.430664
-2838.01123
-2842.602051
-2847.204834
-2851.816895
-2856.437988
-2861.070312
-2865.712158
-2870.361084
-2875.022705
-2879.695068
-2884.375977
-2889.067871
-2893.77002
-2898.485596
-2903.201416
-2907.938721
-2912.682617
-2917.432861
-2922.19458
-2926.967285
-2931.756592
-2936.547607
-2941.356201
-2946.168213
-2950.998779
-2955.836182
-2960.684082
-2965.540283
-2970.415527
-2975.292969
-2980.185059
-2985.08667
-2989.999512
-2994.924072
-2999.859375
-3004.802979
-3009.766357
-3014.733154
-3019.718262
-3024.699951
-3029.703369
-3034.729248
-3039.755859
-3044.787109
-3049.825439
-3054.869629
-3059.93457
-3065.048584
-3070.179932
-3075.249756
-3080.372314
-3085.494385
-3090.640137
-3095.799805
-3100.965088
-3106.138184
-3111.328125
-3116.52832
-3121.743164
-3126.972168
-3132.209717
-3137.463379
-3142.72583
-3148.000977
-3153.290771
-3158.591064
-3163.904297
-3169.230469
-3174.566162
-3179.920166
-3185.282715
-3190.660889
-3196.052246
-3201.454346
-3206.870361
-3212.299561
-3217.741699
-3223.197266
-3228.661621
-3234.145264
-3239.642822
-3245.146973
-3250.669678
-3256.204102
-3261.753418
-3267.314209
-3272.890625
-3278.481689
-3284.082275
-3289.699951
-3295.330566
-3300.975342
-3306.633301
-3312.304199
-3317.995605
-3323.693848
-3329.405273
-3335.138428
-3340.881104
-3346.637695
-3352.412354
-3358.198486
-3364.002686
-3369.818848
-3375.643799
-3381.493164
-3387.355225
-3393.22998
-3399.122559
-3405.022217
-3410.937988
-3416.881348
-3422.843262
-3428.796875
-3434.782959
-3440.777344
-3446.785645
-3452.81543
-3458.857666
-3464.918701
-3470.995117
-3477.084961
-3483.191162
-3489.313965
-3495.452881
-3501.606689
-3507.77832
-3513.965332
-3520.169678
-3526.387451
-3532.625
-3538.876709
-3545.144531
-3551.432129
-3557.736084
-3564.054932
-3570.391357
-3576.744873
-3583.114258
-3589.504639
-3595.907471
-3602.330811
-3608.766846
-3615.224365
-3621.701172
-3628.191895
-3634.70166
-3641.227051
-3647.772949
-3654.335449
-3660.919189
-3667.516602
-3674.13501
-3680.768311
-3687.423828
-3694.09668
-3700.785889
-3707.494873
-3714.224854
-3720.970215
-3727.737793
-3734.521484
-3741.324219
-3748.145752
-3754.988525
-3761.850098
-3768.728516
-3775.63501
-3782.544189
-3789.487793
-3796.443848
-3803.410156
-3810.42334
-3817.427734
-3824.483154
-3831.53833
-3838.637939
-3845.713135
-3852.831543
-3859.974854
-3867.135254
-3874.322754
-3881.522949
-3888.745605
-3895.989746
-3903.258301
-3910.545898
-3917.854736
-3925.182373
-3932.534668
-3939.907959
-3947.302734
-3954.718262
-3962.157715
-3969.621582
-3977.103027
-3984.609131
-3992.135986
-3999.688232
-4007.261719
-4014.857422
-4022.477539
-4030.118164
-4037.783691
-4045.471191
-4053.185547
-4060.91626
-4068.67749
-4076.462158
-4084.265869
-4092.094482
-4099.948242
-4107.828125
-4115.730469
-4123.657227
-4131.608398
-4139.584473
-4147.585938
-4155.610352
-4163.661133
-4171.739258
-4179.838867
-4187.966797
-4196.116211
-4204.296875
-4212.499512
-4220.727539
-4228.984375
-4237.26416
-4245.570801
-4253.908203
-4262.270508
-4270.65625
-4279.073242
-4287.514648
-4295.989746
-4304.481934
-4313.003906
-4321.546387
-4330.132324
-4338.754883
-4347.372559
-4356.03418
-4364.736328
-4373.447754
-4382.196777
-4390.97168
-4399.776855
-4408.612305
-4417.479004
-4426.373047
-4435.292969
-4444.248047
-4453.233398
-4462.242676
-4471.288086
-4480.361328
-4489.464355
-4498.598633
-4507.764648
-4516.960938
-4526.187012
-4535.446777
-4544.736328
-4554.058594
-4563.412109
-4572.795898
-4582.217285
-4591.666992
-4601.148438
-4610.663086
-4620.214844
-4629.797363
-4639.40918
-4649.058594
-4658.742676
-4668.460449
-4678.208008
-4687.991211
-4697.80957
-4707.663574
-4717.550781
-4727.474609
-4737.428711
-4747.424805
-4757.456543
-4767.520508
-4777.619141
-4787.76123
-4797.936035
-4808.145996
-4818.399414
-4828.68457
-4838.995117
-4849.35498
-4859.75293
-4870.181152
-4880.664062
-4891.16748
-4901.71875
-4912.305176
-4922.94043
-4933.679688
-4944.30957
-4954.998047
-4965.834473
-4976.673828
-4987.544922
-4998.45752
-5009.383789
-5020.379883
-5031.40918
-5042.483887
-5053.595703
-5064.754883
-5075.952637
-5087.193359
-5098.474609
-5109.800781
-5121.175781
-5132.591797
-5144.046875
-5155.554199
-5167.097656
-5178.691406
-5190.328125
-5202.008789
-5213.740723
-5225.510742
-5237.333008
-5249.200195
-5261.113281
-5273.072754
-5285.08252
-5297.135254
-5309.239746
-5321.393066
-5333.59082
-5345.839844
-5358.137695
-5370.487305
-5382.884277
-5395.330566
-5407.829102
-5420.376953
-5432.976562
-5445.626953
-5458.331055
-5471.086914
-5483.892578
-5496.753906
-5509.665039
-5522.628906
-5535.650879
-5548.724609
-5561.856445
-5575.037109
-5588.275391
-5601.568359
-5614.918945
-5628.328125
-5641.793945
-5655.302246
-5668.893555
-5682.523438
-5696.219727
-5709.977539
-5723.775879
-5737.643066
-5751.582031
-5765.568359
-5779.618164
-5793.726562
-5807.900391
-5822.134766
-5836.432617
-5850.790039
-5865.213867
-5879.698242
-5894.25
-5908.863281
-5923.542969
-5938.286621
-5953.09668
-5967.974609
-5982.916992
-5997.925293
-6013.003906
-6028.149414
-6043.36377
-6058.646484
-6073.999512
-6089.422852
-6104.915039
-6120.478516
-6136.116211
-6151.821777
-6167.604492
-6183.454102
-6199.383789
-6215.38623
-6231.460449
-6247.611328
-6263.838867
-6280.14209
-6296.522461
-6312.979492
-6329.514648
-6346.126953
-6362.821289
-6379.59375
-6396.447266
-6413.381836
-6430.398926
-6447.496094
-6464.676758
-6481.938965
-6499.290039
-6516.722656
-6534.240234
-6551.844727
-6569.53125
-6587.310547
-6605.181641
-6623.128418
-6641.179688
-6659.307129
-6677.52832
-6695.852539
-6714.262695
-6732.709961
-6751.351074
-6770.050781
-6788.814453
-6807.703125
-6826.680664
-6845.74707
-6864.919922
-6884.188477
-6903.562012
-6923.027832
-6942.603516
-6962.272461
-6982.049805
-7001.928711
-7021.915039
-7042.00293
-7062.200195
-7082.500977
-7102.913574
-7123.433105
-7144.061523
-7164.801758
-7185.655273
-7206.619141
-7227.697266
-7248.88916
-7270.195801
-7291.618164
-7313.163086
-7334.822266
-7356.603516
-7378.498535
-7400.520996
-7422.665039
-7444.931641
-7467.320312
-7489.837402
-7512.482422
-7535.251465
-7558.15332
-7581.183105
-7604.342773
-7627.636719
-7651.064453
-7674.625
-7698.322754
-7722.157715
-7746.133789
-7770.242188
-7794.491211
-7818.892578
-7843.427734
-7868.111328
-7892.9375
-7917.914551
-7943.039062
-7968.311523
-7993.73877
-8019.321289
-8045.053223
-8070.929688
-8096.986816
-8123.191406
-8149.552734
-8176.07373
-8202.774414
-8229.615234
-8256.633789
-8283.81543
-8311.173828
-8338.699219
-8366.397461
-8394.269531
-8422.314453
-8450.544922
-8478.947266
-8507.53418
-8536.301758
-8565.256836
-8594.392578
-8623.722656
-8653.239258
-8682.951172
-8712.854492
-8742.953125
-8773.24707
-8803.745117
-8834.445312
-8865.344727
-8896.455078
-8927.771484
-8959.296875
-8991.037109
-9022.988281
-9055.162109
-9087.546875
-9120.158203
-9152.990234
-9186.052734
-9219.337891
-9252.857422
-9286.609375
-9320.59375
-9354.819336
-9389.285156
-9423.994141
-9458.949219
-9494.154297
-9529.607422
-9565.31543
-9601.279297
-9637.509766
-9673.994141
-9710.74707
-9747.765625
-9785.054688
-9822.625
-9860.470703
-9898.597656
-9937.009766
-9975.693359
-10014.67773
-10053.96289
-10093.54297
-10133.41602
-10173.60742
-10214.11328
-10254.85254
-10295.99121
-10337.40039
-10379.17773
-10421.25195
-10463.67383
-10506.41406
-10549.48242
-10592.9082
-10636.66895
-10680.79102
-10725.26172
-10770.0957
-10815.28906
-10860.85059
-10906.78809
-10953.09277
-10999.78809
-11046.86523
-11094.33594
-11142.20508
-11190.46875
-11239.14062
-11288.22656
-11337.72461
-11387.65137
-11438.00293
-11488.78711
-11540.00781
-11591.67773
-11643.79395
-11696.37305
-11749.40527
-11802.91406
-11856.89844
-11911.36035
-11966.30762
-12021.75586
-12077.70312
-12134.16016
-12191.13086
-12248.62402
-12306.64551
-12365.20898
-12424.31445
-12483.97461
-12544.19238
-12604.98242
-12666.34863
-12728.29492
-12790.83789
-12853.98438
-12917.7373
-12982.11719
-13047.11914
-13112.76074
-13179.05273
-13246.00293
-13313.61914
-13381.9082
-13450.88965
-13520.57422
-13590.95898
-13662.06738
-13733.9248
-13806.49414
-13879.83594
-13953.93359
-14028.82031
-14104.49121
-14180.9707
-14258.26758
-14336.39062
-14415.36035
-14495.18164
-14575.88086
-14657.46387
-14739.94824
-14823.34766
-14907.67871
-14992.94922
-15079.19336
-15166.41211
-15254.63086
-15343.86133
-15434.11914
-15525.42969
-15617.80957
-15711.27441
-15805.84863
-15901.54688
-15998.38867
-16096.39844
-16195.60449
-16296.01562
-16397.66406
-16500.5625
-16604.74219
-16710.23047
-16817.04297
-16925.20898
-17034.75781
-17145.71289
-17258.09961
-17371.95312
-17487.29297
-17604.15625
-17722.56836
-17842.56445
-17964.17578
-18087.43359
-18212.37109
-18339.03516
-18467.43555
-18597.625
-18729.65234
-18863.54102
-18999.32812
-19137.06836
-19276.79688
-19418.55273
-19562.39453
-19708.35156
-19856.48047
-20006.82227
-20159.44922
-20314.39062
-20471.72266
-20631.44336
-20793.69336
-20958.48438
-21125.86133
-21295.92188
-21468.71875
-21644.31445
-21822.77539
-22004.18359
-22188.60547
-22376.11328
-22566.79688
-22760.72852
-22957.99609
-23158.68555
-23362.88672
-23570.67969
-23782.19141
-23997.5
-24216.71094
-24439.9375
-24667.28516
-24898.87109
-25134.82422
-25375.25195
-25620.30078
-25870.0957
-26124.77539
-26384.48242
-26649.38672
-26919.62305
-27195.37109
-27476.78125
-27764.05469
-28057.36523
-28356.90234
-28662.86328
-28975.47266
-29294.94141
-29621.49023
-29955.37109
-30296.82617
-30646.12109
-31003.52344
-31369.32617
-31743.82422
-32127.33398
-32520.17969
-32922.73438
-33335.3125
-33758.32812
-34192.1875
-34637.29688
-35094.10156
-35563.07812
-36044.71484
-36539.53125
-37048.08203
-37570.9375
-38108.71875
-38662.07031
-39231.69922
-39818.30469
-40422.66406
-41045.61328
-41687.99609
-42350.75391
-43034.89062
-43741.44531
-44471.52344
-45226.33984
-46007.16406
-46815.35938
-47652.40234
-48519.85938
-49419.43359
-50352.9375
-51322.32812
-52329.69922
-53377.36719
-54467.72266
-55603.54688
-56787.66406
-58023.23828
-59313.70312
-60662.79688
-62074.60938
-63553.64844
-65104.78516
-66733.46875
-68445.65625
-70247.90625
-72147.54688
-74152.71875
-76272.42969
-78516.8125
-80897.15625
-83426.26562
-86118.5
-88990.19531
-92059.85938
-95348.78906
-98881.29688
-102685.4844
-106793.9766
-111244.7969
-116082.6016
-121360.1406
-127140.2812
-133498.3594
-140525.6562
-148333.7188
-157060.375
-166877.6719
-178003.9062
-190719.5938
-205391.4062
-222508.4375
-242737.5625
-267012.4375
-296681.5625
-333767.9062
-381450.125
-445026.3125
-534032.6875
-667542.0625
-890057.3125
-1335087.375
-2670176
