8386560
-2048.005127
-2047.964844
-2047.980713
-2048.000488
-2047.995117
-2047.964844
-2048.085938
-2047.994873
-2047.929443
-2048.005615
-2048.007568
-2047.99292
-2048.00415
-2047.967285
-2048.063477
-2047.999268
-2047.992188
-2047.986572
-2048.003906
-2047.99585
-2047.994873
-2047.992188
-2048.022949
-2047.990967
-2047.976318
-2048.004883
-2047.981323
-2048.020752
-2048.003418
-2048.062012
-2047.937256
-2047.999268
-2048.059082
-2047.944824
-2047.997803
-2047.984131
-2048.009033
-2047.995605
-2048.018311
-2047.998047
-2047.983154
-2047.992432
-2048.000244
-2047.997314
-2048.001709
-2047.997314
-2048.019287
-2047.999756
-2047.991943
-2048.003906
-2047.995117
-2048.000244
-2047.99707
-2047.994873
-2048.011475
-2048.000488
-2047.989258
-2047.996338
-2047.994141
-2048.002197
-2048.001221
-2047.999023
-2048.024658
-2048
-2047.993652
-2047.998779
-2048.000244
-2047.997314
-2048
-2047.995361
-2048.007324
-2047.99707
-2047.990479
-2047.999023
-2048.001709
-2047.999023
-2048.00293
-2047.993896
-2048.010986
-2048.000488
-2047.998291
-2047.996826
-2048.001465
-2048.000488
-2047.999878
-2048
-2048.006348
-2047.998291
-2047.994141
-2048.000244
-2047.995605
-2048.006592
-2048.000488
-2048.019775
-2047.978882
-2047.999756
-2048.020996
-2047.982666
-2047.998779
-2047.994385
-2048.002686
-2047.998657
-2048.004639
-2047.999756
-2047.992432
-2047.99707
-2047.999756
-2047.998779
-2047.998779
-2047.998169
-2048.00708
-2048.000732
-2047.996582
-2048.001709
-2047.998047
-2047.999512
-2048.000977
-2047.99707
-2048.00708
-2048.001465
-2047.994263
-2048
-2047.999756
-2048.000732
-2047.987183
-2047.992188
-2047.998047
-2047.999512
-2048.006836
-2048
-2047.998291
-2047.997803
-2047.995117
-2047.998291
-2048.006836
-2047.998779
-2047.996338
-2048
-2048
-2047.999023
-2047.998657
-2047.996094
-2048.003662
-2047.999756
-2047.999023
-2047.998779
-2048.001221
-2047.999512
-2047.999268
-2047.999268
-2048.004883
-2047.998535
-2047.996582
-2048.001465
-2047.99585
-2048.002686
-2047.999146
-2048.012207
-2047.986816
-2048
-2048.013428
-2047.988525
-2047.999268
-2047.996094
-2048.001953
-2047.999268
-2048.004639
-2047.999512
-2047.99707
-2047.997803
-2047.999756
-2047.998657
-2048.000732
-2047.99939
-2048.005859
-2047.998535
-2047.997803
-2048.000977
-2047.998779
-2047.998779
-2047.997314
-2047.998291
-2048.002686
-2048.003662
-2047.999023
-2048.000732
-2048.003418
-2047.99939
-2047.998291
-2047.991943
-2047.996582
-2047.999756
-2048.020508
-2047.999878
-2048.001709
-2048.001709
-2048.001221
-2047.99707
-2048.002441
-2047.997803
-2047.996826
-2047.998779
-2048.001465
-2047.998779
-2048.00293
-2047.996826
-2048.003174
-2048.000488
-2048.000244
-2047.997559
-2048.000244
-2047.998535
-2048.000244
-2047.999023
-2048.001953
-2047.999268
-2047.999023
-2048.001221
-2047.999146
-2048.003418
-2048.001709
-2048.008301
-2047.992188
-2047.999512
-2048.009521
-2047.99292
-2048.000977
-2047.99707
-2048.000244
-2048.001709
-2048.003418
-2047.998779
-2047.997803
-2047.998047
-2047.998535
-2047.998169
-2048.002441
-2048.004395
-2048.004883
-2047.997803
-2047.996338
-2047.999512
-2048.001953
-2048.001953
-2048.001221
-2047.997314
-2048.004639
-2047.99707
-2048
-2048.006836
-2048.000732
-2048.00415
-2048.018555
-2048.016113
-2047.99939
-2048
-2047.999756
-2048
-2048.001709
-2048.001953
-2047.997314
-2047.997803
-2048.003906
-2047.998291
-2047.991943
-2047.998291
-2047.999878
-2048.000244
-2047.999756
-2047.999268
-2048.007324
-2048
-2047.998901
-2047.998291
-2048.000244
-2048.003662
-2048.000488
-2048
-2048.000732
-2048.000244
-2047.997803
-2048.001465
-2047.996094
-2048.000732
-2047.999756
-2048.006104
-2047.993408
-2048.000488
-2048.006836
-2047.991943
-2047.999756
-2047.998779
-2048.001465
-2048.000977
-2048.003906
-2048.000977
-2047.997803
-2047.999023
-2048.001221
-2047.999512
-2047.999756
-2047.999634
-2048.003662
-2048.000732
-2047.999023
-2048.000488
-2047.997803
-2047.998535
-2047.999268
-2047.999023
-2048.001465
-2048.001953
-2047.998291
-2047.99585
-2047.99707
-2047.999756
-2048.000977
-2047.997803
-2048.000488
-2048
-2047.983276
-2047.997314
-2047.996582
-2048
-2047.998779
-2048
-2048.001465
-2047.998779
-2047.996948
-2048.001465
-2048.001221
-2048.001221
-2048.00293
-2047.998535
-2048.002686
-2047.999268
-2047.999634
-2048.001221
-2048
-2048.000244
-2047.999268
-2047.998657
-2048.001953
-2048
-2047.999268
-2047.999512
-2047.997559
-2048.001709
-2047.998535
-2048.00415
-2047.993896
-2047.999756
-2048.005371
-2047.99585
-2047.998413
-2047.999512
-2048.000244
-2048.000244
-2048.001221
-2047.999268
-2047.99939
-2047.996948
-2047.999512
-2047.998779
-2048.002686
-2048.001709
-2048.005371
-2047.998535
-2048
-2048.003418
-2048.001221
-2048.001953
-2047.998779
-2047.999023
-2048.001709
-2047.999023
-2047.998047
-2047.99585
-2048.002197
-2047.999268
-2047.99585
-2047.986328
-2048.04126
-2047.999512
-2047.996582
-2047.996826
-2047.991699
-2048.002197
-2047.998291
-2047.998535
-2048.003174
-2048.000244
-2047.998779
-2048.003174
-2047.999512
-2047.999756
-2047.999756
-2047.998047
-2048.002686
-2048.000488
-2047.999146
-2048
-2048.001465
-2047.999512
-2047.997803
-2047.999512
-2047.999634
-2048.000244
-2047.997925
-2048
-2047.998047
-2048.001221
-2047.998901
-2048.005371
-2047.996704
-2047.999756
-2048.004639
-2047.996338
-2047.999023
-2047.997559
-2048.00293
-2047.999634
-2048.000244
-2047.999512
-2047.999756
-2047.998047
-2047.999023
-2048.001465
-2047.999512
-2047.999268
-2048.003418
-2047.999878
-2047.999268
-2047.999878
-2047.998535
-2048.000732
-2047.998779
-2047.998291
-2048.008057
-2048.000977
-2047.999756
-2048.003174
-2048.003906
-2048.000977
-2048.003174
-2048.000488
-2048.022705
-2048.001221
-2048.01709
-2047.999268
-2047.999268
-2048.001221
-2048.001465
-2047.997314
-2048.001221
-2048
-2047.999512
-2048.000488
-2048.001221
-2047.999023
-2048.000732
-2047.998779
-2048.000488
-2048
-2048.000732
-2047.998535
-2048.000488
-2047.999756
-2048.001465
-2047.999756
-2048.001709
-2048.002197
-2047.999268
-2048.002441
-2047.999756
-2047.999023
-2048.000244
-2048.00415
-2047.995117
-2047.998291
-2048.005127
-2047.99585
-2048
-2047.998779
-2048.002441
-2048
-2047.999268
-2048
-2047.999023
-2047.999023
-2048.001953
-2048.000244
-2048.00293
-2048
-2048.005371
-2047.998291
-2047.999756
-2048.005371
-2047.996582
-2047.998047
-2048.000977
-2047.996094
-2047.99585
-2048.001953
-2048.003174
-2047.995361
-2048.00293
-2047.996826
-2047.998291
-2047.986816
-2048.083984
-2048
-2048
-2048.000244
-2048.006104
-2047.999023
-2048.008057
-2047.999512
-2047.999023
-2048.001221
-2048.003906
-2047.999756
-2047.999512
-2048.001221
-2047.999756
-2048
-2048.001465
-2047.999756
-2047.999756
-2047.999268
-2048.003174
-2048.002686
-2047.998535
-2047.999756
-2048.000732
-2047.999756
-2047.999512
-2047.999512
-2047.99939
-2047.999756
-2047.998291
-2048.004883
-2047.99707
-2047.999268
-2048.004395
-2047.996826
-2047.999268
-2047.999023
-2048.000732
-2047.999268
-2048.000732
-2048
-2047.999756
-2048.000488
-2047.999756
-2048.000244
-2048.000244
-2048
-2048.001953
-2048.000732
-2047.999023
-2048.000244
-2047.998535
-2047.999268
-2047.998535
-2048.002197
-2048.001709
-2047.999023
-2047.994385
-2048.002441
-2047.999268
-2048.000977
-2048.001465
-2048.013672
-2048.019287
-2047.998779
-2047.993652
-2048.000488
-2048.001709
-2048.001953
-2048
-2048.001709
-2047.999146
-2048.001221
-2047.997803
-2047.999268
-2047.998291
-2047.998779
-2047.999756
-2047.999023
-2048.000488
-2048.000244
-2047.999512
-2047.998291
-2047.99939
-2047.997559
-2047.999023
-2048.000488
-2048.000244
-2047.998535
-2047.998291
-2048.000488
-2047.998779
-2048.000732
-2047.999512
-2048.002686
-2047.998291
-2048.000977
-2048.003662
-2047.997559
-2047.998779
-2047.998779
-2048.001221
-2047.999756
-2048.001709
-2048.000732
-2047.998047
-2047.998291
-2047.999268
-2048.000488
-2048.000244
-2047.99707
-2048.002686
-2047.998291
-2047.996094
-2047.996826
-2047.997559
-2047.99707
-2047.999756
-2048.000488
-2047.997803
-2048.008545
-2047.995361
-2048.000732
-2048.000488
-2048.002197
-2047.990723
-2047.983154
-2047.981445
-2048
-2047.996094
-2047.996338
-2048.00415
-2047.998291
-2047.998779
-2048.000732
-2048.000977
-2048.000732
-2048
-2048.000244
-2047.998779
-2047.998535
-2047.999268
-2047.998291
-2048.002197
-2048.000488
-2048
-2048.001221
-2048
-2047.999756
-2048.000977
-2048.000244
-2047.999023
-2047.999512
-2047.999756
-2048
-2047.998779
-2048.001221
-2048
-2048.00293
-2047.998535
-2048
-2048.001221
-2047.997803
-2048.000732
-2048.000244
-2048.000244
-2048.000244
-2048.001221
-2047.999512
-2047.999268
-2047.999268
-2047.999268
-2048.001465
-2048.000732
-2048
-2048.001221
-2047.999512
-2047.999268
-2048.000732
-2047.997559
-2047.998291
-2047.999756
-2047.998535
-2048.000488
-2047.999268
-2047.997559
-2048.001465
-2048.00415
-2047.999512
-2048.001953
-2047.996826
-2048.008789
-2048
-2047.994141
-2048.001953
-2048.001953
-2048.002441
-2047.998291
-2047.999268
-2047.999512
-2047.999023
-2047.999756
-2048.000488
-2047.998047
-2048.000488
-2047.999268
-2047.999756
-2048.000977
-2047.999634
-2047.998291
-2047.999268
-2048.000488
-2047.999512
-2047.999756
-2047.999756
-2048.001465
-2047.999512
-2048.000244
-2048.000732
-2047.999268
-2048
-2047.999268
-2048.000977
-2047.997314
-2047.999756
-2048.000977
-2047.999023
-2048
-2047.999756
-2047.999756
-2048
-2048.000732
-2048.001221
-2047.998779
-2048.000977
-2047.999023
-2048.002686
-2048.001221
-2047.998535
-2048.003174
-2047.998047
-2048.002686
-2048.000732
-2048.000732
-2047.997803
-2048.001953
-2047.999756
-2048.003906
-2048.000488
-2048.006592
-2047.992554
-2048.001465
-2048.003418
-2048.008301
-2047.982422
-2048.019775
-2048
-2048.000977
-2048.000977
-2048.004395
-2048.003418
-2047.996826
-2048.002197
-2048.000488
-2047.997803
-2047.997559
-2047.998779
-2047.998535
-2047.998779
-2048.000732
-2048.000488
-2047.999756
-2048.000488
-2048.001221
-2047.998779
-2047.999634
-2048.001709
-2048.000488
-2048.000488
-2047.998291
-2047.999512
-2048
-2048.000488
-2047.999756
-2048
-2048.000488
-2048.001465
-2047.998779
-2047.999512
-2048.002197
-2047.998047
-2047.998291
-2047.998779
-2047.999756
-2048.000244
-2047.999878
-2047.999756
-2048
-2047.999023
-2048.000488
-2048.000488
-2047.999756
-2048.000977
-2048.001465
-2048.000244
-2047.999634
-2048
-2048.000488
-2047.999756
-2047.997803
-2048.000488
-2048.001465
-2048.000732
-2047.997559
-2047.993164
-2047.999512
-2047.999512
-2048
-2048.001709
-2047.992188
-2048
-2048.010498
-2048.002441
-2048.005127
-2048.002197
-2048.001465
-2047.998779
-2047.998535
-2047.998047
-2048
-2048.001465
-2048.000977
-2048.000488
-2048.000977
-2048.000977
-2048.000244
-2048.000977
-2047.998535
-2047.998291
-2048.001953
-2048
-2047.998535
-2048.001221
-2048.000732
-2047.999756
-2047.999268
-2047.999512
-2047.999023
-2048.000244
-2048
-2048.002197
-2047.998291
-2048.000244
-2048.001953
-2047.997803
-2048.000488
-2047.999023
-2048.000977
-2047.999756
-2048.001465
-2048.000488
-2047.999268
-2048.000977
-2048.001221
-2048.000244
-2047.999512
-2048.000732
-2048.001953
-2048.002686
-2047.998779
-2048.001953
-2048
-2048.000244
-2047.996094
-2048
-2047.999146
-2048.000977
-2048.000977
-2048.00293
-2047.998779
-2047.99292
-2048.012207
-2047.994873
-2048.01001
-2048
-2048.006836
-2047.998291
-2047.996582
-2048.000488
-2047.994629
-2048
-2048.000488
-2047.999756
-2047.997559
-2047.998291
-2048.000244
-2047.999878
-2047.999023
-2047.999268
-2047.998657
-2048
-2048.000488
-2048.001953
-2048.002441
-2047.998779
-2047.998779
-2048.000732
-2047.999878
-2048.000244
-2048.000488
-2048.001709
-2047.998779
-2048
-2047.998779
-2048.002197
-2047.997803
-2048.000244
-2048.001953
-2047.998779
-2047.999756
-2047.997803
-2048.000488
-2047.999756
-2047.999634
-2047.999878
-2047.998291
-2048.000244
-2047.99939
-2047.999512
-2048.00293
-2048.000488
-2048.000732
-2048.002686
-2047.998535
-2048.001709
-2048.000488
-2047.999023
-2048.001465
-2047.997559
-2048.001953
-2047.996826
-2047.998779
-2048.000488
-2047.996094
-2048.008057
-2048.005371
-2048.00293
-2048.001709
-2048
-2048.006348
-2048.002441
-2047.999023
-2048.000244
-2047.99707
-2047.999756
-2047.997314
-2048.000488
-2047.999268
-2047.999023
-2048
-2047.999268
-2047.998535
-2047.995605
-2047.999023
-2047.997803
-2048.000244
-2048.002197
-2047.999878
-2048.001709
-2047.997559
-2047.999756
-2047.998535
-2047.999756
-2047.995361
-2048.004883
-2048.000244
-2048.000488
-2047.999878
-2048.005371
-2047.999512
-2048.000488
-2048.000488
-2047.996582
-2047.995117
-2047.996338
-2048
-2048.003906
-2047.999756
-2047.995605
-2047.999756
-2048
-2048.001221
-2048
-2048.000977
-2047.999756
-2048.000488
-2048.000488
-2047.998047
-2047.993652
-2048.008789
-2048.001465
-2047.98999
-2048.001465
-2047.999268
-2047.996216
-2048.000977
-2047.988525
-2048.00293
-2048.034424
-2048.00415
-2048.00708
-2048.125488
-2048
-2047.998535
-2048
-2048
-2048.000244
-2048.000244
-2047.999268
-2048.000732
-2048.000244
-2047.991943
-2048.000244
-2048.000244
-2047.996582
-2047.999756
-2048.000244
-2047.995361
-2047.999512
-2048.000488
-2048.003418
-2047.996094
-2047.996338
-2048.001221
-2048.000244
-2047.999268
-2047.998047
-2047.998047
-2047.998047
-2047.999878
-2048
-2047.997803
-2048.002441
-2048.000244
-2048
-2047.999756
-2047.996826
-2047.999756
-2047.998291
-2047.999512
-2048.003906
-2047.999512
-2048.000732
-2048.000488
-2047.999268
-2048
-2048.001709
-2048
-2047.999023
-2048.000244
-2047.999756
-2047.999268
-2048.000488
-2048.000244
-2047.998779
-2048.001465
-2048.001709
-2047.998535
-2047.999756
-2047.997803
-2047.998779
-2047.999756
-2047.998779
-2048.003418
-2047.998535
-2047.991455
-2048
-2048.000977
-2047.995728
-2047.999023
-2048.000244
-2048
-2048.000488
-2048
-2048.00293
-2048.000244
-2048
-2047.999268
-2048.000488
-2048.001709
-2048.000732
-2047.999878
-2048
-2047.998535
-2047.999268
-2048.001221
-2047.998657
-2047.999268
-2047.999878
-2047.998291
-2047.998291
-2048
-2047.998535
-2048.000244
-2048
-2048.000977
-2048.003174
-2047.999268
-2047.999512
-2048.001953
-2047.999512
-2048.000244
-2047.999512
-2047.999634
-2048.000488
-2048.000732
-2047.999756
-2048.001465
-2048.000244
-2048
-2048.000488
-2048.001221
-2048.000488
-2048.003174
-2048.000732
-2048.000488
-2048.001953
-2048
-2048
-2047.998291
-2048.00293
-2047.998291
-2047.998291
-2048.00293
-2048.000244
-2048.004883
-2047.991211
-2048.001465
-2047.993652
-2048.041992
-2048
-2047.994019
-2047.999512
-2047.996582
-2048.001221
-2048.00293
-2048.001709
-2047.999268
-2047.998291
-2047.99585
-2047.997314
-2047.998535
-2048.000977
-2047.996704
-2048.000732
-2048.000488
-2048
-2047.999268
-2047.999634
-2048.000732
-2048.000244
-2048.000732
-2048
-2048.000977
-2047.998535
-2047.999756
-2048.000488
-2048.000977
-2047.999878
-2048.000488
-2048.000977
-2047.999023
-2048.000488
-2048.001709
-2048.000244
-2047.999756
-2047.999268
-2048.000244
-2047.999512
-2048.001221
-2048.001221
-2047.999023
-2048
-2047.999878
-2047.997681
-2048.000488
-2047.999878
-2048.001465
-2047.998779
-2047.997803
-2048.000732
-2048.001465
-2047.997803
-2048.000488
-2047.999512
-2047.999512
-2048.001465
-2048.00415
-2048.000977
-2048.002197
-2047.998779
-2047.998779
-2047.991943
-2047.992432
-2048.000244
-2048.013672
-2047.995483
-2047.996582
-2047.998169
-2048
-2048.000488
-2047.999756
-2047.999512
-2048.000977
-2047.999512
-2047.998779
-2048
-2047.998047
-2048.000732
-2048
-2047.999756
-2048.000732
-2048
-2048
-2048.000244
-2047.999878
-2048
-2047.99939
-2048.000244
-2047.998535
-2047.998169
-2048.000977
-2048.001709
-2047.998901
-2048.002441
-2047.998779
-2048.000732
-2048.001465
-2047.997314
-2048.000977
-2047.999756
-2047.999756
-2047.999756
-2048.000488
-2047.997925
-2048.000732
-2048.000977
-2048.000488
-2047.995483
-2048.002197
-2048
-2048.001465
-2047.998047
-2048.000977
-2047.999268
-2047.994263
-2048.001465
-2048.001221
-2048.003418
-2047.997559
-2048.005371
-2047.996216
-2048
-2047.991943
-2048.012695
-2048.001465
-2047.979004
-2047.993042
-2048
-2047.999023
-2048
-2048.003662
-2048.003662
-2048.003174
-2047.996094
-2047.999146
-2047.998291
-2047.999268
-2048.001465
-2047.999878
-2047.997559
-2047.999268
-2047.999756
-2047.998291
-2048.000244
-2047.998413
-2048.001709
-2048.002686
-2047.999146
-2048
-2048.000732
-2048.000977
-2047.998535
-2048
-2047.999268
-2047.999512
-2048.000488
-2048.000488
-2047.999023
-2047.999023
-2048.000244
-2048.001465
-2047.999023
-2048
-2047.998291
-2048.000244
-2048.000488
-2048.001953
-2047.999756
-2047.999268
-2048
-2048.000244
-2048.000732
-2048.001465
-2047.998779
-2048
-2047.998779
-2047.999756
-2048.001465
-2048.000488
-2047.999268
-2048.000244
-2047.99707
-2047.999878
-2047.997192
-2048.00293
-2047.996826
-2048.004883
-2047.996704
-2048.000977
-2048.001465
-2048.003906
-2047.999756
-2047.991943
-2047.988892
-2048.001221
-2048.003418
-2047.998291
-2048.000244
-2047.998901
-2047.999756
-2047.997803
-2048
-2047.998047
-2047.997803
-2047.999023
-2048.002197
-2048.000488
-2047.999512
-2047.999756
-2047.999756
-2047.999268
-2048.000488
-2047.997803
-2047.999634
-2048.001465
-2048
-2048
-2048.000977
-2047.999634
-2047.999878
-2047.999023
-2048.001465
-2047.997803
-2047.999268
-2048.002686
-2048
-2048.000977
-2047.998291
-2048.000244
-2047.999512
-2047.998169
-2047.999512
-2047.998779
-2047.999756
-2047.999146
-2047.999512
-2048
-2048.000244
-2048.001465
-2048
-2047.997559
-2048.000977
-2048.000732
-2047.999756
-2047.999023
-2048.001465
-2047.995117
-2048.004883
-2047.999512
-2047.995483
-2048.006348
-2047.99939
-2048.003418
-2048.010254
-2048.017822
-2048
-2048.001953
-2048.00293
-2047.997437
-2047.999146
-2047.997559
-2048.001953
-2047.997192
-2048.001465
-2047.999268
-2048.001465
-2047.999268
-2047.998047
-2048.000977
-2048.000732
-2047.998413
-2047.999756
-2048.000488
-2047.998779
-2048.001465
-2047.999512
-2048
-2047.999512
-2048.000977
-2047.999512
-2047.999512
-2047.999878
-2048
-2047.99939
-2047.99939
-2048.000977
-2047.997803
-2048
-2048.001953
-2048.000488
-2048
-2047.999512
-2048.000977
-2047.999268
-2047.999146
-2048.000244
-2047.99939
-2047.998535
-2048.000488
-2047.999023
-2047.998535
-2047.998901
-2048.000977
-2047.999878
-2047.998535
-2048.000244
-2047.999756
-2047.999756
-2048.000488
-2048.000488
-2047.998413
-2047.998291
-2047.998047
-2048
-2048.002441
-2047.99939
-2048.001221
-2048.010742
-2047.978271
-2048
-2048.006348
-2047.994385
-2048.001465
-2047.995972
-2047.999268
-2048.002441
-2048
-2047.998901
-2048.001465
-2048.001465
-2048
-2047.999512
-2048
-2047.999023
-2048.000244
-2048.000488
-2048.001953
-2048
-2047.999512
-2048.000488
-2048.000244
-2047.999756
-2047.999634
-2047.999756
-2047.999512
-2048.001953
-2048
-2047.99939
-2047.997192
-2047.999878
-2047.999512
-2047.999023
-2047.999756
-2048.001465
-2047.998413
-2048.001465
-2047.999756
-2048.002441
-2047.997803
-2048.001953
-2047.99939
-2047.998779
-2047.99939
-2048.001465
-2047.996582
-2048.001953
-2047.998901
-2048.000488
-2048.002441
-2047.999023
-2048.004883
-2048.000977
-2048.001709
-2047.99707
-2047.997681
-2047.997559
-2047.99707
-2048.00293
-2047.99353
-2047.996582
-2047.997559
-2048.004639
-2048.004395
-2048
-2048.000488
-2048.000244
-2048.005615
-2048.000977
-2047.992676
-2048
-2048.006348
-2047.999756
-2048.001953
-2048.000488
-2047.999512
-2048.000244
-2047.999756
-2047.999512
-2048.000977
-2047.999878
-2047.999756
-2047.999023
-2048.003174
-2048.001221
-2048.000488
-2047.999268
-2048.000977
-2047.999512
-2047.999023
-2048.000488
-2048
-2048.000977
-2047.998657
-2047.999146
-2047.999023
-2048.000488
-2048
-2047.999023
-2047.998535
-2047.999023
-2047.999756
-2047.998535
-2047.998291
-2048.000488
-2048
-2048.001465
-2047.999878
-2048
-2048.000488
-2048.000244
-2048.001953
-2047.999634
-2047.999756
-2047.999268
-2047.998779
-2047.999878
-2047.997925
-2048
-2047.99939
-2048.002197
-2048.001465
-2047.99939
-2047.994019
-2047.997314
-2048.005859
-2047.987793
-2048.000488
-2048
-2047.996582
-2047.999268
-2047.99585
-2047.998047
-2048
-2048
-2047.999268
-2047.999023
-2047.998535
-2047.99707
-2048.000488
-2048
-2047.999634
-2048
-2047.998779
-2048.000244
-2047.998047
-2048.000977
-2047.999268
-2047.999268
-2047.999512
-2047.999756
-2048.000488
-2048.001465
-2047.999023
-2047.999756
-2047.998657
-2047.999512
-2047.998535
-2048.001709
-2047.999756
-2047.999634
-2048.000977
-2047.999023
-2048.000488
-2047.999512
-2047.998779
-2047.999634
-2048.000977
-2048.000977
-2047.999023
-2047.999512
-2048.001221
-2047.999023
-2048.000488
-2047.999023
-2048.000488
-2047.998047
-2048.000488
-2048
-2048.002441
-2048.001465
-2047.998291
-2047.997803
-2047.995117
-2047.996948
-2047.996094
-2048.000488
-2048.002441
-2048.001221
-2047.996094
-2048.021973
-2047.999756
-2048
-2048.003418
-2048.003662
-2048.002441
-2048.002441
-2047.999512
-2048
-2048.002197
-2047.999512
-2047.998413
-2048.003418
-2048.000977
-2047.998657
-2048.000977
-2047.999756
-2047.999878
-2047.999512
-2048.000977
-2048.000977
-2048.000488
-2048
-2047.998779
-2047.998779
-2047.99939
-2047.999268
-2048.000244
-2048.001465
-2047.999512
-2048.000488
-2048.000488
-2048.000488
-2047.998047
-2048.000488
-2048.000244
-2047.999512
-2047.999268
-2047.999023
-2047.999878
-2047.999756
-2048.000977
-2048.000244
-2047.999512
-2047.999878
-2048.000977
-2048.000488
-2048.000977
-2047.999023
-2048.000977
-2047.998657
-2047.999512
-2047.998535
-2048.000244
-2048.000488
-2048.001465
-2048
-2048.001221
-2048.000488
-2047.999512
-2048.001465
-2048.000977
-2047.99939
-2048.003418
-2048.007812
-2048.001221
-2047.999512
-2048.002441
-2047.999512
-2047.996582
-2047.998413
-2048.000977
-2048.001465
-2048.000244
-2047.999268
-2047.999512
-2047.99939
-2048
-2048.000244
-2048.000244
-2048.001221
-2048.000244
-2047.999756
-2048.000977
-2047.999878
-2048.000977
-2048.000732
-2048
-2047.999756
-2048
-2047.999268
-2048.000977
-2047.998901
-2047.999756
-2048
-2048.000977
-2048.001709
-2047.999268
-2048
-2047.998413
-2048.000488
-2047.998657
-2048.001221
-2048.000488
-2048
-2048.000977
-2047.997559
-2047.999023
-2048.000977
-2048.001465
-2048.000977
-2048.00293
-2047.997437
-2048.000977
-2047.999268
-2047.997803
-2048.003418
-2048.003418
-2048.002197
-2048.00293
-2048.001953
-2048.000488
-2048.003906
-2048.002197
-2047.998291
-2047.997314
-2048.002441
-2048.004883
-2048.003418
-2048.010742
-2048
-2047.99939
-2048
-2048.001709
-2048.000488
-2048.002686
-2047.999512
-2048.000488
-2047.999023
-2048.00293
-2048.002441
-2047.998169
-2048
-2048.001221
-2048.000488
-2047.998657
-2048.001953
-2048.001465
-2048
-2047.997803
-2047.999756
-2048
-2048
-2048
-2048.000244
-2047.998047
-2048.000977
-2047.998291
-2048.000977
-2047.999878
-2048
-2047.998047
-2048.000488
-2047.999268
-2048.001465
-2048.000732
-2047.998779
-2047.999146
-2048.000488
-2047.99939
-2048.000732
-2047.999512
-2047.999023
-2047.999023
-2048.000488
-2048.001465
-2048.000244
-2048
-2048.001221
-2047.998779
-2047.999756
-2047.999023
-2048.000977
-2048.000244
-2048
-2047.997559
-2048.000488
-2048.000488
-2048
-2047.993652
-2048.001953
-2047.994629
-2048.001953
-2047.984131
-2047.999756
-2048.013184
-2048.007812
-2048.000488
-2047.99646
-2047.99939
-2048.001465
-2047.998291
-2048
-2047.999023
-2048
-2048
-2048.001953
-2047.998535
-2048.000977
-2047.997314
-2047.999268
-2048.000488
-2047.998535
-2047.998657
-2047.999512
-2047.998047
-2048
-2047.998535
-2047.998535
-2048.000488
-2048.000244
-2047.998047
-2048.000488
-2047.998047
-2047.999634
-2047.999023
-2048.000977
-2048
-2048
-2048.000977
-2048.000244
-2048.001465
-2047.998535
-2048.000488
-2047.999512
-2047.999756
-2048.000977
-2048.000732
-2047.999023
-2048.000244
-2047.999023
-2047.996948
-2048
-2048
-2048.002197
-2047.999756
-2047.997803
-2048.001465
-2047.998779
-2047.998901
-2047.996826
-2048.006592
-2048.003174
-2048.001465
-2047.999268
-2048.007812
-2048.023193
-2048.010986
-2048.000244
-2047.993408
-2048.001465
-2048.001465
-2047.99707
-2048.003906
-2048
-2047.999878
-2047.998291
-2047.998535
-2048.001221
-2047.999756
-2047.99939
-2048.001709
-2047.998047
-2047.99939
-2048.000244
-2047.999268
-2048
-2047.999878
-2048
-2047.999512
-2048.000977
-2048.000488
-2048.000977
-2048.000488
-2048.000732
-2047.999023
-2047.999512
-2048
-2047.999878
-2047.999512
-2047.999512
-2048.000488
-2048.000732
-2048.000488
-2047.999512
-2048.000732
-2048
-2047.999512
-2047.999512
-2048.001465
-2048.001465
-2048.000488
-2047.999756
-2047.999634
-2047.999756
-2048
-2048.000488
-2047.999756
-2048.000488
-2048.001221
-2048.001953
-2047.998047
-2048.000732
-2047.998535
-2048.001953
-2048
-2047.995361
-2048.00415
-2047.998047
-2047.995239
-2047.994629
-2048.000977
-2047.999756
-2047.988037
-2047.995361
-2047.998291
-2048.000977
-2048.000977
-2048.001465
-2048.001953
-2047.998779
-2048
-2047.999512
-2048
-2047.999268
-2047.998535
-2048.001465
-2047.999023
-2047.998535
-2047.999756
-2047.999023
-2047.998291
-2047.999512
-2047.999023
-2048
-2047.999756
-2048.000977
-2047.999756
-2048.001465
-2047.999023
-2047.998657
-2048
-2047.997925
-2048.000488
-2048
-2048.000488
-2048.000732
-2047.999512
-2047.999268
-2048
-2047.998047
-2047.999756
-2048
-2047.999023
-2047.999023
-2047.999023
-2047.997314
-2047.997314
-2047.998535
-2047.997925
-2047.998535
-2047.998535
-2047.999878
-2047.999023
-2048.000977
-2047.999023
-2047.995605
-2048
-2047.997314
-2047.997559
-2048
-2047.997559
-2048.006348
-2047.994141
-2047.990967
-2048.006348
-2048
-2047.998779
-2048.000977
-2048.000732
-2047.999023
-2047.999512
-2048.000488
-2048.000488
-2047.998779
-2047.997803
-2047.999756
-2047.999756
-2047.999268
-2047.999268
-2048.001953
-2047.997559
-2048.000732
-2048
-2048.000732
-2048.001953
-2047.999756
-2047.999756
-2048.000488
-2048
-2048.000244
-2048.000244
-2048
-2047.999878
-2047.999756
-2048
-2047.999512
-2048.000732
-2048.000732
-2048
-2048
-2048.000732
-2047.998779
-2048.000732
-2047.999512
-2048.000244
-2047.999512
-2047.999268
-2047.999268
-2047.998779
-2048.000244
-2048.000244
-2048.000732
-2048.001709
-2047.999756
-2047.999756
-2048.000977
-2048.000488
-2047.999268
-2047.998047
-2048.000732
-2048.000244
-2047.999023
-2048.001465
-2048.00415
-2048.001465
-2048.000244
-2047.997803
-2047.996094
-2048.00708
-2048
-2048.01416
-2048.003174
-2048.002686
-2047.996338
-2047.999023
-2047.999756
-2047.999512
-2048.000977
-2047.998291
-2047.999023
-2047.999756
-2048.00293
-2048.000488
-2047.998779
-2047.998779
-2047.999512
-2047.999756
-2048.001709
-2048
-2048.000488
-2047.999878
-2048
-2047.999023
-2047.999268
-2047.999023
-2048.000732
-2047.999023
-2047.998291
-2048.000488
-2047.999268
-2047.998901
-2047.999268
-2047.999512
-2048.000732
-2048.000732
-2047.999756
-2047.999268
-2047.999634
-2047.998779
-2047.999756
-2047.999756
-2047.999512
-2047.999268
-2048.000488
-2047.998779
-2047.999146
-2048.000244
-2047.999756
-2048.000488
-2048.001221
-2047.999023
-2048.001465
-2048
-2048
-2047.999268
-2048.001953
-2047.995728
-2047.999512
-2047.999268
-2047.994385
-2047.990601
-2047.988281
-2047.983398
-2048.000488
-2048.007812
-2047.999023
-2047.998779
-2048.001709
-2047.996094
-2048.001221
-2048
-2048.001709
-2048.003174
-2047.997559
-2048.000977
-2048
-2047.998169
-2048.002441
-2048.001221
-2048.000244
-2048.000488
-2048.000977
-2048.001221
-2048
-2047.999268
-2047.999756
-2047.999023
-2047.999512
-2048
-2048.000488
-2048.001221
-2048.000244
-2047.999146
-2047.999512
-2047.999512
-2048
-2047.999756
-2048.000244
-2048.000244
-2048.001465
-2048
-2047.999756
-2047.999268
-2047.999512
-2047.999512
-2048.000732
-2048.001221
-2047.999634
-2047.997803
-2047.999878
-2047.998535
-2048.001465
-2048.000977
-2048.000977
-2048.002197
-2048.000732
-2047.998779
-2047.998779
-2047.998779
-2047.997803
-2047.999023
-2048.003174
-2048.004395
-2047.996948
-2048.002197
-2048.003418
-2048.012695
-2047.999756
-2047.98584
-2047.990112
-2047.996826
-2048.006104
-2047.999268
-2047.999512
-2047.999512
-2047.999268
-2047.999756
-2048.000244
-2047.998535
-2048.000244
-2047.999023
-2047.999756
-2047.998291
-2048
-2048.000244
-2048.000977
-2047.999756
-2047.998535
-2048.000732
-2047.999512
-2047.998047
-2048.000732
-2047.998535
-2048.000732
-2047.999146
-2047.999512
-2047.999268
-2047.999023
-2048.001465
-2047.999023
-2048.000244
-2047.999756
-2048.000977
-2047.998047
-2047.999268
-2047.998779
-2047.998047
-2048
-2048.000244
-2047.998535
-2048.000488
-2047.997681
-2047.998047
-2048
-2048.001953
-2047.999756
-2048.003174
-2047.996094
-2047.997925
-2047.99707
-2048.000244
-2047.998291
-2048.000244
-2047.999512
-2047.998169
-2048.003418
-2047.999268
-2047.989502
-2047.992188
-2048.004395
-2047.988647
-2048
-2047.999268
-2048
-2047.998779
-2047.997559
-2047.997314
-2048.003174
-2047.998047
-2048.000488
-2047.998779
-2047.999756
-2047.998413
-2047.999268
-2048.001221
-2048.003174
-2048.000488
-2048
-2047.99939
-2048.000244
-2048.002686
-2048.001221
-2048.000488
-2048
-2048.001221
-2048.000732
-2048.000732
-2047.998535
-2047.999512
-2047.999268
-2048.000244
-2047.999756
-2048.001221
-2047.999512
-2047.999512
-2048.000244
-2048.000732
-2048.001221
-2047.999512
-2048.000488
-2048
-2047.997559
-2048.000732
-2048.000488
-2047.999756
-2047.999512
-2047.999268
-2047.999146
-2047.999756
-2047.999268
-2048.000488
-2048.001465
-2048.000244
-2047.999512
-2047.999756
-2047.999512
-2047.997192
-2047.996216
-2047.995361
-2048.000977
-2047.996582
-2048.001221
-2048.001953
-2048.005127
-2047.984741
-2048
-2047.997437
-2048.000488
-2048.003418
-2048.001953
-2048.001221
-2047.999023
-2047.997681
-2048.000244
-2047.999878
-2048.001465
-2048.000732
-2048.000732
-2047.998535
-2048.001953
-2047.999268
-2048.001221
-2047.999634
-2048.000244
-2048
-2047.999268
-2047.999756
-2047.999146
-2048
-2047.999512
-2048.000244
-2047.999023
-2048
-2047.999268
-2048.000977
-2047.999756
-2048.000488
-2047.999268
-2047.998047
-2048.000732
-2047.998901
-2047.999512
-2047.998291
-2048.000732
-2048.000732
-2047.999268
-2047.998901
-2047.999878
-2048
-2047.999756
-2047.998779
-2048.000244
-2048.002441
-2048.001465
-2048
-2048
-2047.999268
-2047.998047
-2047.999268
-2048.000977
-2048.004639
-2048.005859
-2047.997559
-2048.000244
-2047.994385
-2048.003662
-2048.003174
-2047.973145
-2048.009521
-2048
-2047.997559
-2047.996826
-2047.995117
-2047.998779
-2048.001709
-2048
-2047.998291
-2048.001709
-2048.000488
-2047.994385
-2048.001465
-2047.998779
-2047.998779
-2048.001465
-2047.998291
-2047.999512
-2047.999634
-2048.000977
-2048.000977
-2048
-2048.000244
-2048.000488
-2047.999634
-2048.000732
-2047.999878
-2047.999512
-2048.000488
-2048.000244
-2047.999878
-2047.999512
-2047.999634
-2047.999756
-2047.999268
-2048.001709
-2047.999512
-2048.001953
-2047.998535
-2047.999634
-2047.999756
-2048
-2047.999268
-2048
-2048.000488
-2048.000488
-2047.998047
-2048.000488
-2047.998535
-2047.999878
-2048.000732
-2047.998901
-2048.001953
-2048.000244
-2048.002686
-2047.997803
-2048.002197
-2047.998047
-2048.001709
-2047.997803
-2048.003418
-2047.998047
-2048.002197
-2048.010742
-2047.985107
-2047.999756
-2048.001465
-2048.001221
-2048.005615
-2048.001709
-2048.000488
-2047.999268
-2048.001221
-2047.999634
-2048.000977
-2047.999512
-2047.998779
-2047.999512
-2048.001221
-2048.000732
-2047.999146
-2048.000977
-2047.999268
-2048.000488
-2048.000488
-2047.999268
-2047.999023
-2048.000732
-2048.000244
-2048.001221
-2048.002197
-2047.997559
-2048
-2048.000977
-2048.003662
-2047.999756
-2048.000977
-2048.000244
-2048.000732
-2047.997803
-2048.000488
-2047.997803
-2048.001465
-2047.998047
-2048.000488
-2047.999023
-2048.000977
-2047.999023
-2047.997559
-2047.997803
-2048.000977
-2047.997559
-2048.002441
-2048.001221
-2047.997314
-2048.001465
-2047.992676
-2048.000488
-2047.997559
-2048.00293
-2048.005127
-2047.999512
-2048.003174
-2047.991455
-2048.007812
-2047.988037
-2047.990967
-2047.995117
-2048.012695
-2048
-2048.000488
-2048.000244
-2047.994385
-2048.000977
-2048.008057
-2048
-2047.993164
-2047.999756
-2047.996582
-2048.000244
-2047.999512
-2048.000244
-2047.999756
-2047.999512
-2047.998047
-2047.999756
-2047.999756
-2048.001709
-2047.997803
-2047.998291
-2048
-2048.000732
-2047.999268
-2048.000732
-2048.000488
-2047.999023
-2047.999878
-2047.999756
-2048.000244
-2048.000977
-2048.001465
-2048.000732
-2047.998535
-2047.999756
-2047.999756
-2048.000488
-2048.001709
-2048.001221
-2048.000244
-2048.000488
-2048.000732
-2048.001465
-2047.999756
-2048.000244
-2047.999756
-2048.000977
-2048.001953
-2047.999756
-2048.000977
-2047.998779
-2047.999512
-2048.002197
-2047.998535
-2047.999268
-2047.999756
-2048.001465
-2048.001709
-2047.997559
-2047.994385
-2048.00293
-2047.992676
-2047.988281
-2048.000732
-2048.000244
-2047.995605
-2048.005859
-2047.998291
-2048.004883
-2047.999146
-2047.998291
-2047.998657
-2047.998779
-2048.000244
-2048.001221
-2048
-2048.000244
-2048.000732
-2048.000488
-2047.998657
-2047.999756
-2048
-2048.000244
-2047.998901
-2047.999023
-2047.999023
-2047.999023
-2047.999756
-2048.000488
-2048.000732
-2048.000488
-2048.000244
-2048.000732
-2047.999512
-2047.998291
-2048.000732
-2048.001953
-2047.999268
-2048
-2047.999268
-2048.000732
-2048.000732
-2048.001221
-2047.999268
-2047.998779
-2047.999512
-2048.000244
-2047.999756
-2048.001465
-2048.001221
-2048
-2048.000244
-2047.999756
-2047.997559
-2047.999268
-2047.999512
-2047.999512
-2048.002197
-2047.999512
-2048.002686
-2047.995361
-2048.000488
-2047.998779
-2047.994629
-2047.994873
-2047.992188
-2047.982178
-2047.989258
-2048
-2047.996582
-2047.996338
-2048.001221
-2048.001221
-2048.000732
-2047.997314
-2048.001953
-2048.000244
-2048.00293
-2047.997314
-2047.999756
-2048.000488
-2048.000244
-2048.000732
-2047.997803
-2048
-2048.000977
-2048.001221
-2047.998535
-2048.001221
-2047.999512
-2048.000244
-2048.000488
-2048.000488
-2048.001709
-2047.998535
-2047.999756
-2047.999756
-2047.999512
-2048
-2048
-2047.999512
-2047.999268
-2048.001709
-2048.001221
-2048.001221
-2047.999268
-2048.000244
-2047.999756
-2048.000977
-2047.999268
-2048.000244
-2048.000244
-2048.000488
-2047.998779
-2048
-2047.999268
-2048.001465
-2047.998291
-2048.001709
-2048.000488
-2047.999268
-2047.997803
-2048.003418
-2048.001465
-2048.000244
-2047.997559
-2048.002441
-2048.000244
-2048.005371
-2047.986328
-2047.998779
-2048.001953
-2048
-2048.007812
-2048.010742
-2047.999023
-2047.997559
-2048.001221
-2048.000244
-2047.999512
-2048.001953
-2048.000732
-2047.99939
-2048
-2048.000488
-2048.000244
-2048.000732
-2047.997925
-2047.999634
-2048.000244
-2048.000244
-2048.001465
-2047.997559
-2047.999756
-2047.999756
-2047.999512
-2047.999512
-2048.001221
-2048.000732
-2047.998291
-2047.998047
-2048
-2047.996094
-2047.999268
-2047.999756
-2048.000977
-2048.001953
-2047.998169
-2047.998779
-2047.999756
-2048
-2048.000732
-2048.002197
-2047.999756
-2048
-2048.000977
-2048.000732
-2047.996338
-2047.999512
-2047.998291
-2048
-2048.000732
-2048.000732
-2048.004639
-2048.000732
-2048.000977
-2047.994873
-2047.99707
-2047.996582
-2048.002686
-2047.99939
-2048.004395
-2047.996582
-2048.002441
-2048.022461
-2047.983643
-2048
-2047.998901
-2048
-2047.996582
-2047.996582
-2047.997803
-2048.005127
-2047.999512
-2048.001465
-2047.999512
-2047.998779
-2048.000488
-2047.999756
-2047.998779
-2048.000488
-2047.998779
-2048.000488
-2048.000244
-2047.999756
-2047.997681
-2048.002686
-2048.000488
-2048.000488
-2048.000488
-2047.999512
-2048
-2047.998657
-2047.999756
-2048.000977
-2048.000488
-2048.000488
-2048.000732
-2048.000488
-2048.000244
-2048.00293
-2048.000244
-2047.999756
-2047.999756
-2048.000244
-2047.998901
-2047.999756
-2048.001953
-2048
-2048.000488
-2048.000488
-2047.998779
-2048.000977
-2048.001465
-2048.000244
-2047.999634
-2047.999023
-2047.99939
-2047.999756
-2047.999756
-2047.999512
-2048.000488
-2047.997803
-2048.000488
-2047.996094
-2048.000488
-2048.001465
-2048.00293
-2047.99585
-2048.029297
-2048
-2047.986084
-2048.003418
-2048.003174
-2048.001221
-2047.999512
-2047.999756
-2048.000488
-2047.999023
-2048
-2047.999512
-2047.999023
-2048.002441
-2047.998901
-2048
-2047.998291
-2048
-2048.000488
-2048.000244
-2048
-2048.000977
-2047.999512
-2047.999268
-2047.997803
-2048.000732
-2048.000244
-2047.999512
-2048
-2048.000244
-2048
-2047.998291
-2048.000244
-2048.000244
-2047.998047
-2048.001709
-2047.998535
-2048.000977
-2047.999023
-2047.999756
-2047.999512
-2048.000488
-2048.001221
-2047.999023
-2047.999268
-2048.000244
-2047.999512
-2047.998779
-2047.998047
-2047.998779
-2048.000732
-2048.001953
-2048
-2047.998291
-2048.003906
-2048
-2047.999146
-2047.995239
-2047.999023
-2048.000977
-2047.996826
-2048.006592
-2048.004395
-2048.010498
-2047.976807
-2048
-2048.008789
-2047.996338
-2048.004395
-2048.000488
-2047.998535
-2047.998047
-2047.998535
-2048.001709
-2048.003418
-2048.000244
-2048.000244
-2047.999878
-2048.000977
-2048.001221
-2047.998657
-2048
-2048.000488
-2048
-2048.000488
-2048.000732
-2047.998779
-2048.000732
-2047.999878
-2048.000244
-2048.000488
-2047.999756
-2048.000732
-2048
-2048.000488
-2047.998291
-2048.001709
-2048.000244
-2048
-2048.000732
-2047.999756
-2048.001709
-2048.000488
-2047.999756
-2047.999634
-2047.999878
-2048.002197
-2048.000244
-2047.99939
-2047.999512
-2047.999023
-2047.998535
-2048.000732
-2047.998779
-2047.998535
-2048.001709
-2048.000488
-2047.999023
-2048.001465
-2048.001465
-2048.001953
-2048.004639
-2047.998779
-2048.000488
-2048
-2048.00415
-2048.005371
-2048.00293
-2048.001709
-2048
-2048.002441
-2048.006348
-2048.00293
-2048.000244
-2048.000977
-2047.99585
-2048.001465
-2048.000488
-2047.999268
-2047.999023
-2048
-2048.003174
-2048.002441
-2048.003418
-2047.999023
-2048.001709
-2048.000244
-2047.998291
-2047.999878
-2048.001709
-2048.001465
-2047.999756
-2048.002441
-2047.999756
-2048.003174
-2047.99707
-2048.000244
-2048.000488
-2047.999878
-2047.997559
-2047.999512
-2048.000488
-2048.000488
-2048.004395
-2048.00293
-2048.00415
-2048
-2047.996094
-2047.999756
-2048.003418
-2047.999756
-2048
-2048.001221
-2048
-2048.000977
-2047.999756
-2048.000488
-2048.000488
-2047.998047
-2048.009277
-2047.993164
-2048.001465
-2048.005615
-2048.001465
-2047.999268
-2047.996216
-2048.000977
-2048.019775
-2048.00293
-2047.971924
-2048.00415
-2048.00708
-2047.875488
-2048
-2047.998535
-2048
-2048
-2048.000244
-2048.000244
-2047.999268
-2048.000732
-2048.000244
-2048.007568
-2048.000244
-2048.000244
-2048.004395
-2047.999756
-2048.000244
-2048.003174
-2047.999512
-2048.000488
-2047.995605
-2048.003906
-2048.00415
-2047.997314
-2048.000244
-2047.999268
-2048.001953
-2048.001953
-2048.001953
-2047.999878
-2048
-2048.001709
-2047.998535
-2048.000244
-2048
-2047.999756
-2048.004639
-2047.999756
-2048.002197
-2047.999512
-2047.996094
-2047.999512
-2048.000732
-2048.000488
-2047.999268
-2048
-2047.999756
-2048
-2048.000977
-2048.002197
-2048.001709
-2048.001221
-2048.000488
-2048.000244
-2048.000732
-2047.999512
-2047.999756
-2047.998535
-2048.003662
-2047.999756
-2048.002686
-2047.999756
-2048.000732
-2048.005371
-2048.004395
-2047.997314
-2048
-2047.993286
-2047.997681
-2047.99707
-2048.002197
-2048.001953
-2048.002441
-2048.001953
-2047.99707
-2048.000244
-2047.998047
-2047.999268
-2048.000488
-2047.997803
-2048.000732
-2047.997925
-2048
-2048.000488
-2048.002197
-2047.999268
-2047.999634
-2048.000488
-2047.999878
-2047.999268
-2048.001221
-2048.000977
-2048.000488
-2048.000244
-2048
-2048
-2047.998291
-2048.000488
-2047.999512
-2047.99707
-2048.002441
-2047.998291
-2048.000488
-2047.999634
-2047.99939
-2047.999756
-2047.999756
-2048.000488
-2048.000244
-2048
-2047.998413
-2048.002197
-2047.99939
-2047.999268
-2047.999756
-2047.998535
-2047.996948
-2048
-2047.998169
-2048
-2048.001953
-2048.002197
-2048.002197
-2047.996216
-2047.999268
-2047.994141
-2048.012695
-2047.992554
-2048.006348
-2047.981445
-2048
-2047.992065
-2048.001465
-2048.003418
-2047.999268
-2048.006836
-2047.998779
-2048
-2048.003174
-2048.001709
-2048.002197
-2048.000488
-2047.999023
-2047.999634
-2048.000732
-2047.997681
-2048
-2048.000244
-2047.998657
-2047.997803
-2048.000244
-2047.999756
-2048.001953
-2047.998047
-2047.999512
-2048.001709
-2047.998657
-2047.998047
-2047.997925
-2047.99939
-2047.998169
-2048.000977
-2047.999512
-2047.996826
-2048.002197
-2047.997803
-2047.999268
-2047.999756
-2048.001465
-2047.999756
-2047.999756
-2048.000488
-2048.000488
-2047.999878
-2047.999146
-2048.001953
-2047.999878
-2047.999023
-2048.000244
-2048.000488
-2047.999268
-2048.001465
-2048.000732
-2048.002441
-2047.998535
-2047.999023
-2047.99707
-2048.003662
-2048.006836
-2048.000732
-2048.000977
-2047.996826
-2048.004883
-2048.014893
-2048.000244
-2047.990723
-2047.997925
-2047.996094
-2047.996216
-2047.997559
-2048.000977
-2048.002197
-2048.000488
-2048.000488
-2047.999512
-2048.000244
-2048
-2047.999023
-2048.000732
-2047.997559
-2047.998779
-2048.000732
-2048.000488
-2047.999634
-2048.000732
-2047.99939
-2048.000488
-2047.998901
-2047.999756
-2048
-2047.999634
-2047.998901
-2047.999268
-2047.998901
-2047.998047
-2048.000732
-2048.000732
-2047.997925
-2048.001221
-2048.000977
-2047.999268
-2048.000732
-2047.999756
-2048
-2047.998413
-2048.003174
-2047.998535
-2048.000488
-2047.997925
-2047.997314
-2048.002441
-2047.995605
-2048.003418
-2048.002441
-2047.996338
-2047.999146
-2047.999512
-2048.001221
-2048
-2048.000488
-2048.003906
-2047.991821
-2048.007324
-2048.000977
-2047.995605
-2047.994263
-2047.99707
-2047.990601
-2048
-2048.000977
-2048.000977
-2047.996826
-2047.996826
-2048.002197
-2047.998047
-2047.995728
-2048.000977
-2048.001221
-2048.001465
-2047.998901
-2048.000977
-2048.000488
-2048.001709
-2048
-2048.000732
-2047.99939
-2047.999756
-2047.998291
-2047.996704
-2047.999634
-2048.000244
-2048.001953
-2048.000488
-2048.001465
-2047.999756
-2048.000488
-2047.99939
-2047.999512
-2047.99707
-2048.001465
-2047.999756
-2047.99707
-2048.003906
-2047.999512
-2048.000488
-2047.999756
-2048
-2047.998047
-2047.999756
-2048.000244
-2047.999512
-2048.000732
-2047.999268
-2047.998535
-2048.000488
-2047.999512
-2047.999268
-2048.001709
-2048.000488
-2047.998535
-2048.002686
-2047.999756
-2048.001465
-2047.99939
-2047.999634
-2048.001465
-2048.001465
-2048.000488
-2047.994751
-2047.984253
-2047.997192
-2047.99231
-2048.000244
-2048.003418
-2047.997681
-2047.996826
-2047.995728
-2048.002686
-2048.000732
-2047.999878
-2048.003174
-2048.000488
-2047.999023
-2048.001953
-2048.000977
-2048.000488
-2047.998291
-2047.997559
-2047.999512
-2048
-2048.000732
-2048.000732
-2048.000977
-2048.000732
-2047.999634
-2047.998535
-2048.000488
-2048.000488
-2048.000488
-2047.99939
-2047.999146
-2048.000977
-2047.998291
-2048.001953
-2047.999756
-2047.997803
-2048.002441
-2047.997803
-2048.001709
-2048.000244
-2048.001465
-2047.997925
-2048
-2048.000977
-2047.999512
-2047.99939
-2048.000977
-2048.000488
-2048.001709
-2047.997681
-2047.999756
-2048.003418
-2047.99939
-2048.000732
-2048.00415
-2048.003906
-2047.998413
-2048.001465
-2047.996216
-2048.000977
-2047.998657
-2047.995117
-2047.996704
-2048.005371
-2048.004883
-2048.012451
-2048.000488
-2048.001953
-2048.003418
-2047.996216
-2047.999878
-2048.002441
-2047.999512
-2047.998413
-2047.998413
-2047.997559
-2047.99939
-2048
-2048.000977
-2048.000488
-2048.001709
-2047.997925
-2048.000244
-2047.998901
-2047.998535
-2048.001953
-2047.999023
-2048.000977
-2048.000488
-2047.997803
-2048.000488
-2047.999756
-2047.999634
-2048.001465
-2047.998169
-2047.998413
-2047.997803
-2048.001953
-2047.999512
-2047.996216
-2048.003418
-2047.99939
-2048.000977
-2047.999512
-2048.000488
-2047.998169
-2047.999756
-2047.999634
-2048.001465
-2047.999878
-2047.999268
-2048.002441
-2047.99939
-2047.999146
-2047.99939
-2048
-2047.999023
-2047.999756
-2048.002197
-2048
-2048.000488
-2047.997192
-2048.001709
-2048.005371
-2048.00293
-2048.003906
-2047.994751
-2048.00415
-2047.989624
-2047.989746
-2047.998901
-2048.004395
-2048.000244
-2048.000488
-2047.997437
-2047.998535
-2047.998169
-2047.99939
-2047.998413
-2048.000977
-2048.000488
-2048
-2048.001953
-2047.999756
-2048.002441
-2047.996582
-2048.000488
-2048
-2048.000977
-2047.999756
-2048.000488
-2047.999268
-2047.999756
-2047.997437
-2047.998779
-2048.000977
-2047.997681
-2047.999268
-2047.999878
-2047.998901
-2047.996216
-2048.005371
-2048.000488
-2047.993164
-2048.00293
-2047.999146
-2048.001953
-2047.996582
-2047.998657
-2048.000488
-2047.999146
-2047.998413
-2048.000244
-2047.998169
-2047.998413
-2047.998535
-2047.99939
-2047.997192
-2048.000977
-2047.996704
-2047.993164
-2048.001953
-2047.999634
-2047.999756
-2048.005859
-2047.997192
-2047.998535
-2047.990723
-2048.001465
-2047.991821
-2047.999023
-2047.999512
-2048.015381
-2047.909546
-2048
-2048
-2048.000244
-2047.994873
-2047.999023
-2047.992188
-2047.999512
-2048.001465
-2048.001221
-2047.998535
-2047.999634
-2047.999512
-2048.001221
-2047.999756
-2048
-2047.998535
-2047.999634
-2047.999756
-2048.001953
-2047.997803
-2047.999756
-2048.001953
-2048.001221
-2047.999146
-2048.000977
-2048.000977
-2047.998169
-2047.999268
-2047.998535
-2047.999878
-2047.994995
-2048.003418
-2047.999512
-2047.994995
-2048.001465
-2048.000488
-2048.000488
-2047.998779
-2048.001953
-2047.998779
-2048
-2048.000488
-2048.000488
-2047.999634
-2047.998535
-2047.999512
-2048.000732
-2047.997925
-2047.998901
-2048.000244
-2047.997803
-2048.003174
-2047.999634
-2047.999146
-2048.001465
-2047.994263
-2047.998291
-2047.998413
-2047.998657
-2047.995728
-2047.996826
-2048.007812
-2048.016113
-2047.984497
-2048.000977
-2047.983398
-2048.001221
-2048.001221
-2047.999268
-2047.999756
-2048.001953
-2048
-2048.000732
-2048.002441
-2048.000488
-2047.999268
-2048
-2047.998901
-2048.002441
-2047.998047
-2047.999756
-2048.001465
-2048.002441
-2048.000488
-2048.001221
-2048
-2048.000732
-2048.000488
-2048.000488
-2048.001953
-2047.999268
-2047.99939
-2047.998047
-2048.000488
-2047.996094
-2048.00415
-2047.99939
-2047.995728
-2048.006348
-2047.999634
-2048.00293
-2047.998047
-2047.999634
-2047.997681
-2048.000488
-2048.001465
-2048.000977
-2048.000732
-2048.000977
-2047.999023
-2048.000977
-2047.998413
-2048.000977
-2047.998047
-2047.999878
-2047.999634
-2048.000977
-2048.000488
-2048.000244
-2048.001465
-2047.99353
-2048.003174
-2047.999023
-2048.000488
-2048.000732
-2048.004395
-2048.00293
-2047.985596
-2048
-2048.00293
-2048.003662
-2048.010742
-2047.998169
-2048.001953
-2048.001953
-2047.995117
-2048.001465
-2047.99939
-2047.998047
-2048.000488
-2047.99939
-2048.000488
-2048.001221
-2047.997192
-2048
-2047.999146
-2048.000488
-2047.999878
-2047.998901
-2047.999756
-2047.999756
-2047.998169
-2048.000732
-2048.002197
-2047.999146
-2048
-2047.999146
-2048
-2047.995483
-2048.005371
-2047.999878
-2047.995361
-2048.005859
-2048
-2048.001465
-2047.998657
-2047.999756
-2047.996948
-2048.001221
-2048.001953
-2047.997681
-2048.000488
-2048.000488
-2048.000488
-2047.999756
-2047.99939
-2047.999634
-2048
-2048.000977
-2048.001709
-2048
-2047.999878
-2048.000977
-2047.99707
-2047.999878
-2048.003418
-2047.994751
-2048.001465
-2047.999634
-2047.996704
-2047.992676
-2047.996826
-2048.000488
-2048.01416
-2048.002441
-2048.005371
-2047.999634
-2048.001465
-2048.000977
-2048.000732
-2048.000488
-2048.001953
-2047.998901
-2048.000977
-2048.001709
-2047.999268
-2048.00415
-2047.996094
-2048
-2048.002441
-2047.999634
-2048.000977
-2048.000244
-2048.000488
-2047.999756
-2047.997803
-2048.001709
-2048.001465
-2047.999634
-2048.000732
-2047.997437
-2047.998413
-2047.993408
-2048.005127
-2048.000488
-2047.993042
-2048.005371
-2047.999146
-2048.002197
-2047.999878
-2047.999634
-2047.999634
-2048.001953
-2048.004395
-2048.001953
-2047.998413
-2048.000488
-2047.99939
-2047.995728
-2048.001465
-2048.001709
-2048.001709
-2048.001953
-2048
-2047.999268
-2047.997925
-2048.002441
-2048.001465
-2048.004883
-2048.006104
-2047.996094
-2047.98999
-2047.999634
-2047.991211
-2047.988403
-2047.957642
-2048
-2047.999878
-2048
-2047.998291
-2047.999146
-2048.002686
-2048.003906
-2047.996216
-2047.999756
-2048.006836
-2048.000977
-2047.999878
-2047.99939
-2048.000244
-2048.002441
-2047.993042
-2047.998047
-2048.000977
-2048.001465
-2048.000977
-2047.996826
-2047.999634
-2048
-2047.998169
-2048.000732
-2048.001953
-2047.998901
-2048.001709
-2047.998047
-2047.998901
-2047.99231
-2048.009277
-2047.999512
-2047.991455
-2048.008301
-2048.000732
-2048.001709
-2047.998413
-2048.000977
-2047.997925
-2048.001709
-2048.004395
-2048.000977
-2048.000244
-2048.001465
-2047.999146
-2047.999756
-2047.997925
-2048.000244
-2048.000977
-2047.999268
-2048.000244
-2047.99939
-2048.001221
-2048.00293
-2047.998291
-2048.001953
-2048.003418
-2048
-2048.001465
-2048.004883
-2047.998535
-2048.002441
-2047.976074
-2048.000244
-2047.979858
-2048
-2047.997192
-2047.999146
-2047.998657
-2048
-2047.998779
-2048.00293
-2048.001953
-2048.000977
-2048
-2048
-2047.998779
-2048.000977
-2047.99292
-2047.999512
-2048.001465
-2048.00293
-2047.997681
-2048.002441
-2048.001465
-2048.002441
-2047.99707
-2048.00293
-2048.005859
-2047.999756
-2048.002441
-2047.995117
-2048.000244
-2047.988647
-2048.012207
-2048.000488
-2047.988159
-2048.013184
-2048
-2048.004639
-2047.998291
-2048.001953
-2047.997437
-2048.001465
-2048.005615
-2048.00293
-2048.000732
-2048.001465
-2048.000732
-2048
-2047.996216
-2048.000488
-2048.003418
-2047.999756
-2048.002197
-2047.998291
-2047.997314
-2048.001221
-2047.993042
-2047.999512
-2048.005127
-2048.000732
-2048.000977
-2048.000244
-2048.012695
-2048.010498
-2047.968018
-2047.999512
-2047.993164
-2048.003906
-2048.001465
-2048.001953
-2048.004883
-2048.001953
-2047.994263
-2048.002197
-2048.002441
-2047.997803
-2047.999268
-2047.99939
-2048.000244
-2048.007324
-2047.990601
-2047.999756
-2048.001709
-2048.001953
-2047.99939
-2048.002441
-2048.001953
-2048.001465
-2047.993774
-2048.001465
-2048.007324
-2047.998779
-2048.005371
-2047.995361
-2047.998169
-2047.981567
-2048.020508
-2048.000977
-2047.980347
-2048.02124
-2048
-2048.006836
-2047.996338
-2048.001465
-2047.991943
-2047.999268
-2048.007812
-2048.003906
-2047.998779
-2048.003174
-2047.998169
-2048.005127
-2047.990601
-2048.000977
-2048.002686
-2047.998047
-2048.001709
-2048.000977
-2048.00293
-2048.005127
-2047.991943
-2047.997437
-2048.009277
-2048.003418
-2048.003662
-2047.996582
-2047.998657
-2048.007324
-2047.98291
-2048
-2048.007324
-2048.00293
-2047.998535
-2048.002441
-2048.000977
-2048.005859
-2047.992432
-2048.005127
-2048.01416
-2048.002441
-2048.001953
-2048.00415
-2048.000244
-2048.010254
-2047.980957
-2048.001953
-2048.005615
-2048.006348
-2047.998535
-2048.000977
-2048.001953
-2048.002441
-2047.98584
-2048.005371
-2048.015381
-2047.996216
-2048.013184
-2047.984253
-2047.997192
-2047.947144
-2048.060059
-2048.000977
-2047.939209
-2048.064697
-2048.004395
-2048.019775
-2047.988525
-2048.00293
-2047.973389
-2048.00293
-2048.026855
-2048.015625
-2048.001465
-2048.010498
-2047.998047
-2048.008789
-2047.95105
-2048.001465
-2048.026855
-2047.98645
-2048.016602
-2048.000977
-2048.020996
-2048.032715
-2047.931152
-2048
-2048.072754
-2047.999512
-2048.04541
-2048.00293
-2048.013184
-2047.968018
-2048.054199
